0.23 0.24 0.22 0.31 2.37 2.42 2.36 2.38 2.43 2.33 2.34 2.29 
0.22 0.21 0.27 0.30 2.27 2.30 2.33 1.60 2.17 2.13 2.15 2.10 
0.26 0.21 0.27 0.27 2.31 2.27 2.22 1.12 2.05 2.02 1.98 2.02 
0.27 0.22 0.27 0.24 2.15 2.15 2.14 0.94 1.94 1.91 1.91 1.88 
0.25 0.24 0.29 0.22 2.11 2.22 2.13 0.71 1.86 1.83 1.80 1.81 
0.28 0.22 0.28 0.22 1.99 2.27 2.09 0.55 1.77 1.77 1.76 1.71 
0.30 0.21 0.29 0.20 1.98 2.19 1.99 0.58 1.68 1.66 1.64 1.64 
0.30 0.21 0.28 0.21 1.95 2.19 1.89 0.50 1.66 1.66 1.66 1.62 
0.26 0.21 0.33 0.20 1.80 2.22 1.85 0.49 1.64 1.61 1.61 1.57 
0.27 0.20 0.32 0.20 1.68 2.02 1.80 0.41 1.54 1.54 1.52 1.53 
0.27 0.21 0.32 0.20 1.66 2.00 1.79 0.40 1.55 1.55 1.53 1.51 
0.28 0.22 0.30 0.20 1.66 2.14 1.67 0.35 1.43 1.42 1.43 1.43 
0.26 0.23 0.32 0.20 1.59 2.00 1.56 0.31 1.50 1.48 1.41 1.45 
0.24 0.20 0.36 0.20 1.50 1.99 1.65 0.34 1.34 1.33 1.29 1.30 
0.25 0.20 0.35 0.20 1.49 1.88 1.53 0.23 1.42 1.38 1.37 1.35 
0.22 0.20 0.38 0.20 1.41 1.95 1.37 0.36 1.27 1.31 1.32 1.25 
0.21 0.20 0.39 0.20 1.40 1.91 1.46 0.27 1.39 1.37 1.32 1.33 
0.22 0.20 0.38 0.20 1.29 1.78 1.31 0.24 1.21 1.21 1.27 1.21 
0.21 0.20 0.39 0.20 1.35 1.72 1.27 0.27 1.18 1.11 1.15 1.10 
0.24 0.20 0.36 0.20 1.47 1.81 1.15 0.20 1.20 1.17 1.16 1.18 
0.35 0.20 0.25 0.20 1.50 1.74 1.12 0.21 1.14 1.18 1.15 1.09 
0.35 0.20 0.25 0.20 1.31 1.69 1.05 0.30 1.13 1.12 1.10 1.10 
0.35 0.21 0.24 0.20 1.23 1.66 0.99 0.25 1.08 1.06 1.10 1.08 
0.30 0.22 0.28 0.20 1.20 1.71 0.99 0.24 1.15 1.13 1.11 1.17 
0.27 0.21 0.32 0.20 1.30 1.58 0.87 0.16 1.04 1.04 1.01 1.00 
0.29 0.20 0.31 0.20 1.04 1.46 0.89 0.16 0.99 0.99 1.04 1.01 
0.32 0.20 0.28 0.20 1.04 1.60 0.79 0.28 1.00 0.99 0.98 0.97 
0.28 0.20 0.32 0.20 1.08 1.54 0.98 0.30 1.00 1.00 0.98 0.99 
0.34 0.20 0.26 0.20 0.99 1.52 0.86 0.18 1.00 0.95 0.99 0.99 
0.33 0.23 0.24 0.20 1.04 1.51 0.87 0.17 0.98 0.93 0.95 0.94 
0.36 0.21 0.23 0.20 0.92 1.57 0.76 0.20 0.85 0.80 0.84 0.82 
0.37 0.22 0.21 0.20 0.97 1.32 0.72 0.12 0.94 0.91 0.96 0.93 
0.30 0.30 0.20 0.20 0.93 1.40 0.69 0.20 0.85 0.87 0.88 0.85 
0.23 0.37 0.20 0.20 0.85 1.33 0.74 0.14 0.82 0.81 0.79 0.76 
0.22 0.38 0.20 0.20 0.97 1.33 0.74 0.16 0.89 0.91 0.86 0.88 
0.27 0.33 0.20 0.20 0.87 1.26 0.77 0.18 0.80 0.80 0.81 0.83 
0.20 0.40 0.20 0.20 0.95 1.44 0.78 0.18 0.90 0.88 0.88 0.86 
0.20 0.40 0.20 0.20 0.88 1.27 0.71 0.15 0.72 0.70 0.71 0.70 
0.20 0.40 0.20 0.20 0.77 1.16 0.69 0.14 0.72 0.74 0.77 0.72 
0.20 0.40 0.20 0.20 0.87 1.18 0.71 0.16 0.72 0.72 0.72 0.72 
0.20 0.40 0.20 0.20 0.71 1.24 0.69 0.12 0.76 0.77 0.75 0.78 
0.20 0.40 0.20 0.20 0.81 1.07 0.59 0.12 0.69 0.67 0.66 0.64 
0.21 0.39 0.20 0.20 0.76 1.24 0.63 0.14 0.71 0.70 0.67 0.69 
0.20 0.40 0.20 0.20 0.78 1.19 0.61 0.09 0.64 0.66 0.64 0.65 
0.20 0.40 0.20 0.20 0.66 1.06 0.50 0.17 0.70 0.71 0.69 0.70 
0.20 0.40 0.20 0.20 0.65 1.11 0.55 0.14 0.68 0.69 0.67 0.66 
0.20 0.40 0.20 0.20 0.79 1.17 0.51 0.10 0.68 0.70 0.71 0.73 
0.20 0.40 0.20 0.20 0.68 0.99 0.57 0.14 0.66 0.66 0.63 0.64 
0.20 0.40 0.20 0.20 0.75 1.07 0.50 0.08 0.63 0.62 0.69 0.66 
0.21 0.39 0.20 0.20 0.74 1.00 0.61 0.10 0.62 0.63 0.63 0.62 
0.24 0.36 0.20 0.20 0.54 1.05 0.59 0.17 0.70 0.70 0.69 0.68 
0.22 0.38 0.20 0.20 0.64 0.91 0.51 0.14 0.68 0.63 0.67 0.64 
0.22 0.38 0.20 0.20 0.74 1.02 0.51 0.13 0.73 0.71 0.71 0.69 
0.22 0.38 0.20 0.20 0.60 1.00 0.47 0.09 0.79 0.75 0.77 0.77 
0.21 0.39 0.20 0.20 0.61 1.06 0.51 0.09 0.63 0.65 0.68 0.66 
0.20 0.40 0.20 0.20 0.64 1.03 0.49 0.17 0.68 0.68 0.69 0.68 
0.20 0.40 0.20 0.20 0.67 1.08 0.41 0.16 0.64 0.64 0.63 0.64 
0.20 0.40 0.20 0.20 0.53 0.83 0.50 0.12 0.73 0.71 0.72 0.74 
0.20 0.40 0.20 0.20 0.61 0.95 0.51 0.09 0.69 0.70 0.68 0.69 
0.20 0.40 0.20 0.20 0.74 0.92 0.44 0.13 0.67 0.70 0.67 0.67 
0.20 0.40 0.20 0.20 0.51 0.95 0.49 0.06 0.62 0.63 0.62 0.62 
0.20 0.40 0.20 0.20 0.65 1.05 0.42 0.12 0.64 0.65 0.66 0.64 
0.20 0.40 0.20 0.20 0.58 1.02 0.46 0.07 0.61 0.59 0.60 0.58 
0.20 0.40 0.20 0.20 0.44 0.85 0.40 0.11 0.58 0.58 0.56 0.59 
0.20 0.40 0.20 0.20 0.52 1.00 0.50 0.12 0.67 0.64 0.70 0.68 
0.20 0.40 0.20 0.20 0.54 1.29 0.53 0.12 0.58 0.56 0.57 0.55 
0.20 0.40 0.20 0.20 0.59 0.90 0.52 0.08 0.70 0.71 0.72 0.74 
0.20 0.40 0.20 0.20 0.52 0.89 0.47 0.09 0.60 0.59 0.57 0.59 
0.20 0.40 0.20 0.20 0.48 0.92 0.33 0.10 0.61 0.60 0.62 0.60 
0.20 0.40 0.20 0.20 0.56 0.81 0.39 0.07 0.63 0.64 0.63 0.65 
0.20 0.40 0.20 0.20 0.53 0.76 0.55 0.08 0.60 0.62 0.58 0.57 
0.20 0.40 0.20 0.20 0.52 0.92 0.56 0.09 0.56 0.57 0.58 0.57 
0.20 0.40 0.20 0.20 0.63 0.88 0.39 0.05 0.67 0.65 0.67 0.65 
0.20 0.40 0.20 0.20 0.56 0.87 0.48 0.11 0.56 0.56 0.56 0.55 
0.20 0.40 0.20 0.20 0.45 0.93 0.48 0.08 0.60 0.62 0.61 0.59 
0.20 0.40 0.20 0.20 0.42 0.81 0.39 0.07 0.53 0.50 0.50 0.55 
0.20 0.40 0.20 0.20 0.51 0.84 0.42 0.11 0.53 0.56 0.56 0.58 
0.20 0.40 0.20 0.20 0.41 0.91 0.37 0.06 0.46 0.46 0.50 0.49 
0.20 0.40 0.20 0.20 0.50 0.81 0.43 0.06 0.50 0.49 0.50 0.51 
0.20 0.40 0.20 0.20 0.63 0.85 0.50 0.14 0.55 0.54 0.58 0.56 
0.20 0.40 0.20 0.20 0.60 0.77 0.50 0.11 0.49 0.50 0.51 0.50 
0.20 0.40 0.20 0.20 0.51 0.79 0.48 0.09 0.60 0.59 0.58 0.61 
0.20 0.40 0.20 0.20 0.43 0.78 0.30 0.05 0.63 0.61 0.62 0.61 
0.20 0.40 0.20 0.20 0.61 0.84 0.51 0.06 0.56 0.54 0.58 0.57 
0.20 0.40 0.20 0.20 0.46 0.73 0.40 0.13 0.60 0.58 0.60 0.61 
0.20 0.40 0.20 0.20 0.50 0.87 0.43 0.11 0.49 0.51 0.50 0.52 
0.20 0.40 0.20 0.20 0.38 0.60 0.35 0.08 0.68 0.64 0.67 0.68 
0.20 0.40 0.20 0.20 0.43 0.70 0.43 0.06 0.60 0.60 0.60 0.61 
0.20 0.40 0.20 0.20 0.53 0.70 0.56 0.10 0.53 0.51 0.50 0.49 
0.20 0.40 0.20 0.20 0.54 0.72 0.48 0.05 0.50 0.51 0.52 0.52 
0.20 0.40 0.20 0.20 0.42 0.76 0.41 0.10 0.59 0.58 0.58 0.57 
0.20 0.40 0.20 0.20 0.44 0.67 0.41 0.05 0.46 0.46 0.48 0.45 
0.20 0.40 0.20 0.20 0.31 0.64 0.43 0.08 0.47 0.48 0.48 0.48 
0.20 0.40 0.20 0.20 0.33 0.75 0.36 0.09 0.64 0.62 0.62 0.65 
0.20 0.40 0.20 0.20 0.41 0.77 0.33 0.10 0.61 0.60 0.60 0.61 
0.20 0.40 0.20 0.20 0.48 0.66 0.24 0.06 0.58 0.58 0.56 0.61 
0.20 0.40 0.20 0.20 0.35 0.70 0.48 0.06 0.50 0.54 0.54 0.53 
0.20 0.40 0.20 0.20 0.32 0.70 0.36 0.13 0.51 0.53 0.55 0.54 
0.20 0.40 0.20 0.20 0.35 0.58 0.24 0.08 0.59 0.60 0.60 0.60 
0.20 0.40 0.20 0.20 0.43 0.67 0.41 0.04 0.49 0.49 0.49 0.49 
0.20 0.40 0.20 0.20 0.38 0.85 0.33 0.06 0.60 0.61 0.61 0.59 
0.20 0.40 0.20 0.20 0.34 0.79 0.33 0.13 0.50 0.50 0.53 0.51 
0.20 0.40 0.20 0.20 0.45 0.74 0.33 0.05 0.52 0.52 0.54 0.51 
0.20 0.40 0.20 0.20 0.34 0.71 0.34 0.07 0.57 0.53 0.54 0.54 
0.20 0.40 0.20 0.20 0.18 0.68 0.33 0.09 0.53 0.52 0.53 0.54 
0.20 0.40 0.20 0.20 0.47 0.67 0.33 0.09 0.57 0.54 0.55 0.53 
0.20 0.40 0.20 0.20 0.32 0.67 0.36 0.10 0.53 0.54 0.55 0.50 
0.20 0.40 0.20 0.20 0.35 0.78 0.45 0.06 0.61 0.66 0.65 0.63 
0.20 0.40 0.20 0.20 0.37 0.61 0.26 0.06 0.53 0.53 0.52 0.54 
0.20 0.40 0.20 0.20 0.31 0.72 0.42 0.07 0.64 0.64 0.66 0.65 
0.20 0.40 0.20 0.20 0.32 0.62 0.32 0.10 0.52 0.51 0.51 0.53 
0.20 0.40 0.20 0.20 0.33 0.64 0.26 0.08 0.53 0.57 0.58 0.55 
0.20 0.40 0.20 0.20 0.32 0.56 0.38 0.09 0.56 0.57 0.57 0.57 
0.20 0.40 0.20 0.20 0.31 0.65 0.26 0.04 0.54 0.55 0.49 0.51 
0.20 0.40 0.20 0.20 0.30 0.70 0.28 0.10 0.48 0.47 0.49 0.50 
0.20 0.40 0.20 0.20 0.37 0.74 0.23 0.14 0.59 0.59 0.55 0.59 
0.20 0.40 0.20 0.20 0.32 0.55 0.28 0.12 0.44 0.44 0.45 0.44 
0.20 0.40 0.20 0.20 0.23 0.58 0.30 0.12 0.58 0.53 0.58 0.56 
0.20 0.40 0.20 0.20 0.29 0.60 0.30 0.03 0.57 0.61 0.59 0.59 
0.20 0.40 0.20 0.20 0.32 0.56 0.29 0.13 0.57 0.53 0.54 0.51 
0.20 0.40 0.20 0.20 0.39 0.53 0.19 0.07 0.48 0.51 0.50 0.51 
0.20 0.40 0.20 0.20 0.36 0.51 0.30 0.09 0.47 0.48 0.47 0.44 
0.20 0.40 0.20 0.20 0.29 0.53 0.35 0.04 0.52 0.53 0.52 0.52 
0.20 0.40 0.20 0.20 0.32 0.70 0.36 0.06 0.47 0.51 0.52 0.48 
0.20 0.40 0.20 0.20 0.30 0.62 0.24 0.05 0.56 0.60 0.55 0.55 
0.20 0.40 0.20 0.20 0.38 0.63 0.30 0.08 0.48 0.48 0.51 0.51 
0.20 0.40 0.20 0.20 0.34 0.59 0.26 0.11 0.55 0.53 0.52 0.55 
0.20 0.40 0.20 0.20 0.26 0.82 0.44 0.06 0.58 0.56 0.55 0.57 
0.20 0.40 0.20 0.20 0.20 0.51 0.24 0.03 0.58 0.62 0.57 0.62 
0.20 0.40 0.20 0.20 0.24 0.63 0.22 0.05 0.55 0.54 0.51 0.56 
0.20 0.40 0.20 0.20 0.33 0.76 0.35 0.11 0.46 0.46 0.44 0.44 
0.20 0.40 0.20 0.20 0.36 0.70 0.34 0.03 0.57 0.56 0.56 0.53 
0.20 0.40 0.20 0.20 0.28 0.58 0.32 0.04 0.53 0.52 0.50 0.52 
0.20 0.40 0.20 0.20 0.36 0.55 0.34 0.07 0.53 0.53 0.51 0.49 
0.20 0.40 0.20 0.20 0.30 0.69 0.26 0.08 0.39 0.36 0.41 0.36 
0.20 0.40 0.20 0.20 0.38 0.60 0.32 0.09 0.41 0.40 0.39 0.39 
0.20 0.40 0.20 0.20 0.34 0.76 0.33 0.04 0.39 0.40 0.39 0.37 
0.20 0.40 0.20 0.20 0.35 0.60 0.32 0.05 0.51 0.53 0.55 0.55 
0.20 0.40 0.20 0.20 0.24 0.77 0.38 0.05 0.47 0.46 0.46 0.47 
0.20 0.40 0.20 0.20 0.32 0.73 0.39 0.08 0.53 0.53 0.55 0.56 
0.20 0.39 0.20 0.21 0.31 0.58 0.26 0.05 0.43 0.43 0.44 0.47 
0.20 0.33 0.20 0.27 0.25 0.70 0.26 0.06 0.59 0.55 0.56 0.53 
0.20 0.37 0.20 0.23 0.25 0.47 0.24 0.03 0.45 0.47 0.49 0.45 
0.20 0.38 0.20 0.22 0.33 0.57 0.22 0.08 0.47 0.49 0.48 0.47 
0.20 0.37 0.20 0.23 0.32 0.68 0.24 0.10 0.47 0.46 0.43 0.43 
0.20 0.38 0.20 0.22 0.29 0.50 0.25 0.08 0.58 0.60 0.56 0.60 
0.20 0.37 0.20 0.23 0.30 0.51 0.31 0.10 0.42 0.41 0.40 0.42 
0.20 0.38 0.20 0.22 0.34 0.56 0.24 0.02 0.46 0.49 0.51 0.49 
0.20 0.36 0.20 0.24 0.28 0.48 0.32 0.08 0.43 0.47 0.45 0.47 
0.20 0.32 0.20 0.28 0.24 0.54 0.26 0.06 0.45 0.44 0.46 0.45 
