0.25 0.26 0.25 0.25 1.86 2.02 2.06 2.15 1.93 2.03  
0.26 0.25 0.24 0.25 1.00 1.10 1.46 1.61 1.49 1.41  
0.28 0.24 0.23 0.25 0.96 1.75 0.93 1.45 1.67 1.60  
0.31 0.23 0.22 0.24 0.89 0.69 1.06 1.49 1.48 1.49  
0.32 0.22 0.22 0.24 0.96 0.78 0.73 1.17 1.18 1.34  
0.32 0.23 0.22 0.24 0.61 1.04 0.65 1.02 1.11 1.11  
0.31 0.23 0.22 0.24 0.52 1.25 1.04 1.58 1.38 1.23  
0.32 0.22 0.22 0.24 0.47 1.02 1.55 1.28 1.27 1.28  
0.32 0.22 0.22 0.24 0.61 0.80 0.86 1.38 1.37 1.29  
0.32 0.22 0.23 0.24 0.46 0.54 0.95 1.22 1.24 1.18  
0.32 0.21 0.23 0.24 0.27 0.66 0.52 0.77 0.87 0.92  
0.32 0.21 0.23 0.24 0.54 0.63 0.84 1.06 1.06 1.01  
0.32 0.21 0.23 0.24 0.48 0.68 1.29 1.09 1.04 1.10  
0.33 0.21 0.23 0.24 0.44 0.59 0.89 1.10 1.08 1.24  
0.33 0.22 0.22 0.24 0.39 0.52 0.44 1.06 1.25 1.22  
0.33 0.21 0.22 0.23 0.31 0.58 0.68 0.96 1.01 0.99  
0.33 0.21 0.22 0.23 0.63 0.49 0.41 1.12 1.10 1.14  
0.34 0.21 0.22 0.23 0.23 0.49 0.69 1.42 1.56 1.44  
0.34 0.21 0.22 0.23 0.63 0.19 0.20 1.27 1.31 1.27  
0.34 0.21 0.21 0.23 0.26 0.24 0.31 1.04 1.00 1.11  
0.35 0.21 0.21 0.23 0.67 0.48 0.50 1.16 1.23 1.09  
0.34 0.21 0.22 0.23 0.32 0.27 0.57 1.54 1.53 1.52  
0.33 0.21 0.22 0.23 0.66 0.22 0.86 1.14 1.18 1.36  
0.34 0.21 0.22 0.23 0.49 0.74 0.28 1.11 1.30 1.13  
0.34 0.21 0.22 0.23 1.50 0.51 0.18 1.18 1.15 1.04  
0.34 0.21 0.22 0.23 0.78 0.68 0.48 1.14 1.12 1.04  
0.34 0.21 0.22 0.23 0.56 0.69 0.51 1.36 1.38 1.52  
0.34 0.21 0.22 0.23 0.21 0.55 0.35 1.16 0.96 0.94  
0.35 0.21 0.22 0.23 0.96 0.49 0.49 1.20 1.30 1.22  
0.35 0.21 0.22 0.23 0.42 0.38 0.18 1.41 1.22 1.30  
0.36 0.20 0.21 0.22 0.61 0.34 0.66 0.91 1.03 1.09  
0.36 0.20 0.21 0.22 0.43 0.27 0.33 1.09 1.09 1.06  
0.36 0.20 0.22 0.22 0.50 0.70 0.33 0.95 0.84 0.81  
0.36 0.20 0.21 0.22 0.72 0.34 0.74 1.14 1.09 1.07  
0.36 0.20 0.21 0.22 0.25 0.32 0.69 1.02 1.02 0.96  
