0.25 0.24 0.23 0.28 2.36 2.42 2.36 2.37 2.43 2.36 2.26 2.33 
0.23 0.22 0.21 0.34 2.35 2.30 2.33 1.39 2.17 2.09 2.10 2.10 
0.21 0.23 0.20 0.35 2.25 2.27 2.22 0.95 1.99 1.97 1.98 1.96 
0.23 0.21 0.20 0.37 2.20 2.15 2.14 0.91 1.92 1.88 1.89 1.89 
0.22 0.20 0.21 0.37 2.07 2.22 2.13 0.75 1.95 1.91 1.88 1.89 
0.20 0.20 0.20 0.40 2.08 2.27 2.08 0.60 1.81 1.76 1.79 1.76 
0.20 0.22 0.20 0.38 2.02 2.20 1.98 0.59 1.71 1.65 1.69 1.64 
0.20 0.21 0.20 0.39 2.01 2.17 1.91 0.55 1.74 1.67 1.71 1.68 
0.20 0.23 0.20 0.37 1.90 2.22 1.86 0.50 1.64 1.60 1.59 1.57 
0.20 0.23 0.20 0.37 1.74 2.03 1.80 0.37 1.59 1.59 1.56 1.57 
0.21 0.22 0.20 0.38 1.80 2.02 1.79 0.37 1.58 1.57 1.57 1.52 
0.21 0.21 0.20 0.39 1.81 2.10 1.67 0.34 1.54 1.55 1.51 1.53 
0.20 0.21 0.20 0.38 1.67 1.96 1.57 0.39 1.49 1.41 1.45 1.42 
0.20 0.21 0.20 0.39 1.67 2.00 1.64 0.34 1.44 1.42 1.43 1.47 
0.20 0.21 0.20 0.39 1.61 1.90 1.50 0.44 1.46 1.46 1.47 1.42 
0.20 0.20 0.20 0.40 1.52 1.94 1.38 0.23 1.39 1.37 1.38 1.35 
0.20 0.20 0.20 0.40 1.52 1.86 1.47 0.32 1.26 1.29 1.33 1.26 
0.20 0.20 0.20 0.40 1.48 1.75 1.33 0.26 1.33 1.32 1.28 1.28 
0.20 0.20 0.20 0.40 1.49 1.73 1.30 0.21 1.21 1.23 1.22 1.20 
0.20 0.20 0.20 0.40 1.35 1.94 1.16 0.20 1.30 1.23 1.26 1.25 
0.20 0.20 0.20 0.40 1.33 1.70 1.15 0.23 1.28 1.22 1.30 1.22 
0.20 0.20 0.21 0.38 1.38 1.69 1.06 0.21 1.20 1.23 1.19 1.20 
0.20 0.20 0.20 0.39 1.31 1.58 1.00 0.19 1.12 1.11 1.16 1.12 
0.20 0.20 0.20 0.40 1.13 1.62 0.98 0.21 1.15 1.14 1.11 1.12 
0.20 0.20 0.20 0.40 1.15 1.59 0.88 0.23 1.09 1.05 1.08 1.06 
0.20 0.20 0.20 0.40 1.16 1.45 0.93 0.24 1.09 1.12 1.10 1.11 
0.20 0.20 0.20 0.40 1.05 1.61 0.85 0.18 1.09 1.07 1.05 1.08 
0.20 0.20 0.20 0.40 1.06 1.54 1.02 0.19 1.12 1.07 1.09 1.08 
0.20 0.20 0.21 0.39 0.94 1.48 0.91 0.17 0.96 0.95 0.96 0.95 
0.20 0.20 0.21 0.39 0.89 1.54 0.93 0.14 1.10 1.04 1.06 1.05 
0.20 0.20 0.20 0.40 1.20 1.64 0.76 0.12 0.97 0.97 0.99 1.00 
0.20 0.20 0.20 0.40 1.06 1.35 0.70 0.12 0.96 0.98 0.97 0.94 
0.21 0.20 0.20 0.39 1.05 1.41 0.68 0.15 0.88 0.91 0.92 0.92 
0.21 0.20 0.20 0.39 0.90 1.33 0.70 0.20 1.01 0.98 1.01 0.96 
0.20 0.20 0.20 0.40 1.12 1.33 0.69 0.15 0.97 0.96 0.97 0.95 
0.20 0.20 0.20 0.40 0.91 1.23 0.66 0.19 0.91 0.91 0.89 0.88 
0.20 0.20 0.20 0.40 0.88 1.36 0.73 0.23 0.92 0.89 0.87 0.89 
0.20 0.20 0.20 0.40 0.83 1.08 0.66 0.19 0.87 0.88 0.89 0.90 
0.20 0.20 0.20 0.40 0.80 1.25 0.70 0.12 0.90 0.88 0.88 0.85 
0.20 0.20 0.20 0.40 0.93 1.20 0.75 0.15 0.86 0.83 0.88 0.86 
0.25 0.20 0.20 0.35 0.87 1.23 0.72 0.15 0.86 0.87 0.88 0.89 
0.27 0.20 0.20 0.33 0.78 1.12 0.59 0.17 0.90 0.90 0.91 0.90 
0.38 0.20 0.21 0.21 0.99 1.23 0.64 0.17 0.82 0.79 0.80 0.77 
0.36 0.20 0.23 0.22 0.90 1.11 0.59 0.23 0.81 0.90 0.87 0.84 
0.37 0.20 0.22 0.21 0.74 1.02 0.49 0.12 0.82 0.80 0.80 0.79 
0.36 0.20 0.23 0.21 0.72 1.08 0.52 0.16 0.68 0.68 0.68 0.72 
0.39 0.20 0.21 0.21 0.71 1.21 0.52 0.10 0.88 0.84 0.87 0.87 
0.38 0.20 0.21 0.21 0.70 1.01 0.59 0.09 0.73 0.74 0.74 0.71 
0.35 0.20 0.21 0.24 0.68 1.13 0.48 0.08 0.72 0.69 0.72 0.71 
0.36 0.20 0.23 0.21 0.65 0.96 0.61 0.13 0.82 0.82 0.80 0.77 
0.37 0.20 0.22 0.21 0.64 1.03 0.58 0.10 0.73 0.75 0.72 0.71 
0.38 0.20 0.22 0.20 0.64 0.89 0.50 0.12 0.74 0.74 0.74 0.72 
0.39 0.20 0.21 0.20 0.69 0.99 0.51 0.12 0.79 0.80 0.77 0.75 
0.40 0.20 0.20 0.20 0.64 0.95 0.47 0.10 0.80 0.77 0.78 0.77 
0.40 0.20 0.20 0.20 0.66 1.05 0.49 0.14 0.62 0.62 0.61 0.64 
0.39 0.20 0.20 0.20 0.60 1.08 0.47 0.12 0.78 0.80 0.80 0.76 
0.38 0.20 0.22 0.20 0.62 1.05 0.40 0.12 0.80 0.72 0.74 0.75 
0.39 0.20 0.21 0.20 0.62 0.85 0.52 0.09 0.64 0.62 0.65 0.63 
0.30 0.20 0.30 0.20 0.64 0.95 0.52 0.08 0.74 0.76 0.74 0.73 
0.26 0.20 0.34 0.20 0.61 0.91 0.43 0.06 0.80 0.76 0.77 0.80 
0.38 0.20 0.22 0.20 0.64 0.90 0.50 0.07 0.73 0.74 0.72 0.73 
0.38 0.20 0.22 0.20 0.66 0.97 0.43 0.09 0.69 0.66 0.68 0.66 
0.39 0.20 0.21 0.20 0.64 1.06 0.46 0.14 0.67 0.66 0.66 0.68 
0.39 0.20 0.20 0.21 0.49 0.90 0.40 0.08 0.64 0.65 0.65 0.61 
0.38 0.20 0.21 0.20 0.54 1.03 0.50 0.13 0.61 0.58 0.59 0.56 
0.38 0.20 0.22 0.20 0.55 1.30 0.54 0.18 0.68 0.69 0.69 0.73 
0.40 0.20 0.20 0.20 0.53 0.86 0.51 0.14 0.63 0.62 0.61 0.63 
0.40 0.20 0.20 0.20 0.59 0.86 0.47 0.07 0.69 0.65 0.69 0.69 
0.40 0.20 0.20 0.20 0.39 0.91 0.33 0.12 0.69 0.65 0.64 0.62 
0.40 0.20 0.20 0.20 0.42 0.79 0.40 0.09 0.62 0.61 0.61 0.62 
0.40 0.20 0.20 0.20 0.53 0.75 0.56 0.12 0.75 0.73 0.74 0.70 
0.39 0.20 0.20 0.20 0.45 0.91 0.58 0.11 0.62 0.58 0.57 0.61 
0.31 0.20 0.20 0.29 0.51 0.84 0.39 0.15 0.48 0.52 0.51 0.53 
0.26 0.20 0.20 0.34 0.52 0.90 0.48 0.07 0.60 0.63 0.63 0.63 
0.23 0.20 0.20 0.37 0.41 0.92 0.47 0.10 0.59 0.59 0.60 0.62 
0.21 0.20 0.21 0.38 0.59 0.79 0.38 0.06 0.66 0.66 0.66 0.62 
0.21 0.20 0.30 0.29 0.41 0.85 0.41 0.06 0.58 0.57 0.56 0.57 
0.21 0.20 0.22 0.37 0.36 0.90 0.38 0.05 0.62 0.63 0.65 0.63 
0.21 0.20 0.21 0.38 0.55 0.81 0.45 0.08 0.63 0.61 0.63 0.63 
0.20 0.20 0.20 0.40 0.49 0.84 0.50 0.06 0.53 0.54 0.55 0.55 
0.20 0.20 0.20 0.40 0.49 0.76 0.51 0.07 0.58 0.57 0.55 0.55 
0.20 0.20 0.20 0.40 0.40 0.78 0.47 0.07 0.60 0.59 0.62 0.62 
0.20 0.21 0.20 0.39 0.48 0.77 0.30 0.07 0.58 0.54 0.54 0.57 
0.27 0.20 0.20 0.32 0.44 0.84 0.50 0.10 0.58 0.58 0.61 0.59 
0.31 0.20 0.20 0.29 0.41 0.69 0.42 0.09 0.52 0.52 0.54 0.57 
0.35 0.20 0.20 0.25 0.45 0.82 0.43 0.07 0.48 0.50 0.47 0.48 
0.34 0.20 0.20 0.26 0.40 0.59 0.35 0.05 0.56 0.53 0.52 0.53 
0.28 0.20 0.20 0.32 0.40 0.70 0.44 0.06 0.59 0.59 0.62 0.62 
0.31 0.20 0.20 0.29 0.40 0.72 0.57 0.04 0.59 0.60 0.59 0.62 
0.30 0.20 0.20 0.30 0.39 0.72 0.50 0.05 0.53 0.50 0.51 0.51 
0.32 0.20 0.20 0.28 0.50 0.76 0.40 0.06 0.52 0.54 0.56 0.55 
0.35 0.20 0.20 0.25 0.34 0.67 0.40 0.10 0.48 0.45 0.45 0.43 
0.25 0.20 0.20 0.35 0.34 0.64 0.42 0.05 0.56 0.59 0.59 0.59 
0.21 0.20 0.20 0.39 0.37 0.73 0.35 0.08 0.59 0.58 0.62 0.60 
0.22 0.20 0.20 0.38 0.41 0.79 0.33 0.13 0.61 0.59 0.61 0.59 
0.23 0.20 0.20 0.37 0.48 0.65 0.24 0.11 0.61 0.58 0.56 0.58 
0.23 0.20 0.20 0.37 0.42 0.68 0.47 0.04 0.58 0.58 0.55 0.59 
0.21 0.20 0.20 0.39 0.45 0.69 0.35 0.12 0.54 0.49 0.51 0.52 
0.20 0.20 0.20 0.40 0.42 0.58 0.24 0.05 0.49 0.52 0.50 0.49 
0.20 0.20 0.20 0.40 0.31 0.65 0.41 0.11 0.53 0.51 0.51 0.49 
0.20 0.20 0.20 0.40 0.37 0.91 0.32 0.10 0.55 0.55 0.56 0.56 
0.20 0.20 0.20 0.40 0.48 0.77 0.33 0.08 0.52 0.51 0.51 0.48 
0.20 0.20 0.20 0.40 0.35 0.74 0.34 0.07 0.58 0.54 0.57 0.57 
0.20 0.20 0.20 0.40 0.38 0.71 0.33 0.08 0.55 0.54 0.54 0.57 
0.20 0.20 0.20 0.40 0.25 0.66 0.33 0.07 0.55 0.55 0.54 0.54 
0.20 0.20 0.20 0.40 0.35 0.68 0.33 0.05 0.53 0.52 0.51 0.50 
0.20 0.20 0.20 0.40 0.30 0.67 0.35 0.05 0.52 0.54 0.51 0.52 
0.20 0.20 0.20 0.40 0.45 0.83 0.46 0.03 0.45 0.46 0.49 0.52 
0.20 0.20 0.20 0.40 0.26 0.61 0.26 0.08 0.56 0.56 0.53 0.55 
0.21 0.20 0.20 0.39 0.31 0.73 0.41 0.07 0.49 0.49 0.49 0.52 
0.26 0.20 0.20 0.34 0.39 0.61 0.30 0.13 0.45 0.46 0.47 0.44 
0.32 0.20 0.20 0.28 0.44 0.67 0.26 0.09 0.45 0.47 0.46 0.45 
0.35 0.20 0.20 0.25 0.30 0.58 0.38 0.15 0.50 0.47 0.49 0.50 
0.24 0.20 0.20 0.36 0.37 0.64 0.25 0.06 0.50 0.51 0.48 0.49 
0.21 0.20 0.20 0.39 0.38 0.69 0.28 0.08 0.54 0.55 0.53 0.55 
0.27 0.20 0.20 0.33 0.32 0.73 0.23 0.08 0.48 0.51 0.51 0.50 
0.25 0.20 0.20 0.35 0.36 0.53 0.27 0.06 0.46 0.47 0.50 0.47 
0.32 0.20 0.20 0.28 0.42 0.59 0.30 0.10 0.51 0.56 0.52 0.53 
0.26 0.20 0.20 0.34 0.35 0.57 0.31 0.07 0.55 0.53 0.53 0.55 
0.32 0.20 0.20 0.28 0.41 0.58 0.30 0.06 0.54 0.56 0.57 0.53 
0.39 0.20 0.20 0.21 0.36 0.54 0.20 0.05 0.57 0.55 0.56 0.55 
0.38 0.20 0.20 0.22 0.48 0.50 0.28 0.04 0.54 0.54 0.57 0.53 
0.35 0.20 0.20 0.25 0.28 0.52 0.37 0.08 0.47 0.48 0.49 0.48 
0.37 0.20 0.20 0.23 0.31 0.69 0.36 0.10 0.59 0.58 0.58 0.58 
0.39 0.20 0.20 0.21 0.31 0.64 0.24 0.08 0.49 0.48 0.50 0.49 
0.40 0.20 0.20 0.20 0.35 0.66 0.29 0.10 0.52 0.47 0.52 0.52 
0.40 0.20 0.20 0.20 0.34 0.58 0.25 0.08 0.60 0.58 0.59 0.59 
0.39 0.20 0.20 0.21 0.43 0.75 0.43 0.03 0.53 0.50 0.52 0.48 
0.40 0.20 0.20 0.20 0.39 0.51 0.26 0.08 0.40 0.41 0.40 0.39 
0.40 0.20 0.20 0.20 0.29 0.64 0.23 0.06 0.47 0.47 0.49 0.49 
0.40 0.20 0.20 0.20 0.27 0.74 0.36 0.06 0.47 0.49 0.46 0.48 
0.40 0.20 0.20 0.20 0.22 0.64 0.35 0.05 0.52 0.57 0.53 0.53 
0.34 0.20 0.20 0.26 0.30 0.61 0.33 0.06 0.61 0.64 0.68 0.65 
0.24 0.20 0.20 0.36 0.37 0.56 0.35 0.05 0.40 0.41 0.41 0.44 
0.31 0.20 0.20 0.29 0.26 0.69 0.24 0.03 0.46 0.43 0.45 0.44 
0.31 0.20 0.20 0.29 0.28 0.59 0.33 0.03 0.57 0.55 0.55 0.53 
0.28 0.20 0.20 0.32 0.36 0.77 0.32 0.02 0.54 0.53 0.53 0.50 
0.38 0.20 0.20 0.22 0.26 0.58 0.31 0.07 0.44 0.41 0.45 0.44 
0.39 0.20 0.20 0.21 0.23 0.78 0.38 0.05 0.51 0.51 0.45 0.51 
0.35 0.20 0.20 0.25 0.35 0.76 0.40 0.12 0.36 0.39 0.39 0.37 
0.29 0.20 0.20 0.31 0.37 0.56 0.27 0.05 0.50 0.52 0.49 0.50 
0.28 0.20 0.20 0.32 0.36 0.72 0.26 0.12 0.49 0.46 0.47 0.46 
0.38 0.20 0.20 0.22 0.42 0.47 0.24 0.04 0.49 0.53 0.51 0.49 
0.38 0.20 0.20 0.22 0.30 0.58 0.21 0.07 0.37 0.35 0.37 0.36 
0.40 0.20 0.20 0.20 0.29 0.68 0.25 0.07 0.41 0.44 0.43 0.44 
0.40 0.20 0.20 0.20 0.31 0.51 0.25 0.04 0.44 0.44 0.45 0.44 
0.40 0.20 0.20 0.20 0.32 0.50 0.31 0.08 0.54 0.57 0.54 0.55 
0.40 0.20 0.20 0.20 0.28 0.54 0.23 0.05 0.44 0.43 0.40 0.44 
0.40 0.20 0.20 0.20 0.26 0.49 0.32 0.05 0.47 0.47 0.48 0.46 
0.40 0.20 0.20 0.20 0.36 0.53 0.29 0.04 0.46 0.50 0.48 0.51 
0.40 0.20 0.20 0.20 0.32 0.70 0.34 0.03 0.54 0.53 0.53 0.51 
0.40 0.20 0.20 0.20 0.28 0.54 0.34 0.06 0.44 0.42 0.43 0.46 
0.40 0.20 0.20 0.20 0.39 0.68 0.22 0.06 0.51 0.49 0.50 0.45 
0.40 0.20 0.20 0.20 0.30 0.53 0.32 0.05 0.42 0.42 0.40 0.42 
0.40 0.20 0.20 0.20 0.28 0.69 0.27 0.08 0.45 0.40 0.42 0.44 
0.40 0.20 0.20 0.20 0.34 0.63 0.29 0.06 0.63 0.58 0.60 0.56 
0.40 0.20 0.20 0.20 0.22 0.59 0.30 0.02 0.48 0.45 0.47 0.50 
0.40 0.20 0.20 0.20 0.39 0.63 0.28 0.05 0.40 0.42 0.42 0.41 
0.40 0.20 0.20 0.20 0.27 0.65 0.26 0.04 0.41 0.38 0.39 0.40 
0.40 0.20 0.20 0.20 0.28 0.47 0.28 0.05 0.57 0.56 0.55 0.58 
0.40 0.20 0.20 0.20 0.37 0.72 0.38 0.04 0.43 0.44 0.45 0.48 
0.40 0.20 0.20 0.20 0.33 0.50 0.32 0.04 0.50 0.52 0.50 0.52 
0.40 0.20 0.20 0.20 0.32 0.54 0.27 0.04 0.42 0.43 0.45 0.45 
0.40 0.20 0.20 0.20 0.17 0.43 0.21 0.03 0.48 0.48 0.49 0.49 
0.40 0.20 0.20 0.20 0.36 0.67 0.34 0.03 0.50 0.53 0.50 0.49 
0.40 0.20 0.20 0.20 0.27 0.57 0.22 0.02 0.40 0.41 0.38 0.38 
0.40 0.20 0.20 0.20 0.30 0.57 0.26 0.04 0.44 0.48 0.45 0.46 
0.40 0.20 0.20 0.20 0.21 0.55 0.17 0.04 0.44 0.47 0.43 0.44 
0.40 0.20 0.20 0.20 0.30 0.74 0.26 0.11 0.47 0.47 0.47 0.48 
0.40 0.20 0.20 0.20 0.28 0.57 0.36 0.04 0.57 0.60 0.60 0.52 
0.40 0.20 0.20 0.20 0.26 0.48 0.31 0.08 0.34 0.33 0.36 0.36 
0.40 0.20 0.20 0.20 0.20 0.70 0.24 0.03 0.45 0.43 0.42 0.43 
0.40 0.20 0.20 0.20 0.36 0.40 0.23 0.06 0.47 0.45 0.42 0.45 
0.40 0.20 0.20 0.20 0.29 0.52 0.31 0.05 0.37 0.40 0.38 0.42 
0.40 0.20 0.20 0.20 0.20 0.43 0.26 0.03 0.45 0.48 0.47 0.42 
0.39 0.20 0.20 0.21 0.28 0.66 0.25 0.05 0.40 0.39 0.43 0.40 
0.40 0.20 0.20 0.20 0.37 0.55 0.22 0.04 0.48 0.50 0.51 0.49 
0.40 0.20 0.20 0.20 0.31 0.41 0.29 0.04 0.48 0.48 0.48 0.51 
0.40 0.20 0.20 0.20 0.28 0.56 0.15 0.03 0.39 0.38 0.39 0.40 
0.40 0.20 0.20 0.20 0.20 0.44 0.27 0.03 0.49 0.48 0.50 0.49 
0.40 0.20 0.20 0.20 0.20 0.69 0.22 0.05 0.38 0.42 0.38 0.38 
0.40 0.20 0.20 0.20 0.21 0.59 0.24 0.05 0.53 0.51 0.53 0.52 
0.40 0.20 0.20 0.20 0.29 0.79 0.21 0.04 0.38 0.40 0.39 0.42 
0.40 0.20 0.20 0.20 0.33 0.73 0.19 0.06 0.36 0.32 0.36 0.36 
0.40 0.20 0.20 0.20 0.19 0.47 0.35 0.05 0.33 0.31 0.31 0.34 
0.40 0.20 0.20 0.20 0.20 0.50 0.38 0.02 0.39 0.40 0.38 0.37 
0.40 0.20 0.20 0.20 0.19 0.51 0.32 0.05 0.35 0.36 0.37 0.35 
0.40 0.20 0.20 0.20 0.23 0.42 0.27 0.03 0.45 0.44 0.46 0.45 
0.40 0.20 0.20 0.20 0.19 0.51 0.28 0.03 0.45 0.43 0.42 0.42 
0.40 0.20 0.20 0.20 0.27 0.78 0.29 0.03 0.49 0.48 0.48 0.48 
0.40 0.20 0.20 0.20 0.25 0.56 0.40 0.04 0.43 0.46 0.47 0.45 
0.40 0.20 0.20 0.20 0.32 0.49 0.23 0.03 0.50 0.48 0.46 0.48 
0.40 0.20 0.20 0.20 0.27 0.48 0.18 0.02 0.46 0.47 0.48 0.45 
0.40 0.20 0.20 0.20 0.29 0.54 0.18 0.02 0.30 0.31 0.30 0.31 
0.40 0.20 0.20 0.20 0.23 0.46 0.35 0.06 0.41 0.46 0.44 0.42 
0.40 0.20 0.20 0.20 0.25 0.47 0.22 0.07 0.51 0.51 0.49 0.49 
0.39 0.20 0.21 0.20 0.17 0.50 0.24 0.07 0.48 0.46 0.45 0.42 
0.39 0.20 0.21 0.20 0.25 0.51 0.22 0.06 0.42 0.40 0.41 0.39 
0.36 0.20 0.24 0.20 0.40 0.43 0.18 0.03 0.39 0.37 0.39 0.38 
0.32 0.20 0.28 0.20 0.34 0.46 0.20 0.04 0.37 0.36 0.37 0.37 
0.28 0.20 0.32 0.20 0.31 0.36 0.14 0.06 0.42 0.40 0.39 0.39 
0.23 0.20 0.37 0.20 0.20 0.55 0.19 0.08 0.45 0.42 0.42 0.44 
0.24 0.20 0.36 0.20 0.23 0.56 0.21 0.04 0.38 0.35 0.38 0.37 
0.20 0.20 0.40 0.20 0.26 0.52 0.17 0.04 0.39 0.41 0.39 0.41 
0.20 0.20 0.40 0.20 0.18 0.48 0.22 0.06 0.41 0.42 0.41 0.42 
0.20 0.20 0.40 0.20 0.25 0.57 0.29 0.05 0.42 0.40 0.43 0.42 
0.20 0.20 0.40 0.20 0.26 0.50 0.17 0.02 0.42 0.39 0.39 0.40 
