0.25 0.25 0.25 0.25 1.89 1.81 2.01 2.02 2.13 2.57  
0.25 0.25 0.25 0.25 2.31 1.49 1.60 1.85 1.64 1.47  
0.25 0.25 0.25 0.25 1.79 1.85 1.90 1.55 1.61 1.32  
0.25 0.25 0.25 0.25 1.46 1.11 1.26 1.47 1.50 1.45  
0.25 0.25 0.25 0.25 1.08 1.50 0.62 1.57 1.42 1.48  
0.25 0.25 0.25 0.25 1.06 1.02 1.56 1.72 1.42 1.61  
0.25 0.25 0.25 0.25 1.15 1.10 0.75 1.35 1.23 1.17  
0.25 0.25 0.25 0.25 0.96 1.10 1.07 1.35 1.30 1.47  
0.25 0.25 0.25 0.25 0.54 1.13 0.92 1.07 1.00 1.03  
0.25 0.25 0.25 0.25 0.97 0.62 0.56 1.41 1.25 1.32  
0.25 0.25 0.25 0.25 0.87 0.67 0.90 1.45 1.42 1.41  
0.25 0.25 0.25 0.25 0.88 1.32 2.63 1.43 1.34 1.09  
0.25 0.25 0.25 0.25 0.86 1.62 0.67 1.42 1.30 1.32  
0.25 0.25 0.25 0.25 0.29 1.17 1.12 1.11 1.12 1.21  
0.25 0.25 0.25 0.25 0.59 1.06 1.51 1.39 1.28 1.44  
0.25 0.25 0.25 0.25 1.97 0.35 1.24 1.23 1.28 1.09  
0.25 0.25 0.25 0.25 1.49 1.16 1.18 0.98 0.95 0.99  
0.25 0.25 0.25 0.25 1.34 0.38 1.03 1.22 1.07 1.14  
0.25 0.25 0.25 0.25 1.00 0.43 1.37 0.92 0.82 0.81  
0.25 0.25 0.25 0.25 0.66 0.44 1.70 0.99 1.01 1.06  
0.25 0.25 0.25 0.25 0.86 1.05 0.85 0.84 0.91 0.95  
0.25 0.25 0.25 0.25 1.42 0.46 0.89 1.15 1.13 1.16  
0.25 0.25 0.25 0.25 0.76 0.93 1.02 0.87 0.90 0.94  
0.25 0.25 0.25 0.25 0.72 1.05 0.19 0.78 0.89 0.89  
0.25 0.25 0.25 0.25 0.48 1.47 1.07 1.11 1.16 1.05  
0.25 0.25 0.25 0.25 0.68 0.67 0.35 1.08 0.97 1.12  
0.25 0.25 0.25 0.25 0.22 1.08 0.13 1.45 1.44 1.65  
0.25 0.25 0.25 0.25 0.47 0.87 0.68 1.56 1.63 1.68  
0.25 0.25 0.25 0.25 0.40 0.91 0.81 1.35 1.39 1.51  
0.25 0.25 0.25 0.25 0.27 0.69 0.51 1.24 1.35 1.42  
0.25 0.25 0.25 0.25 0.73 0.79 0.97 0.81 0.80 0.77  
0.25 0.25 0.25 0.25 0.47 0.61 1.14 0.86 0.86 0.89  
0.25 0.25 0.25 0.25 0.27 0.34 0.78 1.15 0.91 0.98  
0.25 0.25 0.25 0.25 1.30 0.17 0.84 1.58 1.54 1.59  
0.25 0.25 0.25 0.25 0.44 0.29 0.42 1.70 1.69 1.35  
0.25 0.25 0.25 0.25 1.19 0.18 0.84 1.43 1.27 1.22  
0.25 0.25 0.25 0.25 1.41 0.85 1.89 1.33 1.59 1.50  
0.25 0.25 0.25 0.25 1.14 0.31 0.23 1.21 1.46 1.29  
0.25 0.25 0.25 0.25 0.62 0.69 0.37 1.37 1.56 1.57  
0.25 0.25 0.25 0.25 1.69 0.96 0.58 1.02 1.01 0.98  
0.25 0.25 0.25 0.25 0.66 1.27 0.85 1.36 1.28 1.35  
0.25 0.25 0.25 0.25 0.97 0.57 1.20 1.19 1.42 1.17  
0.25 0.25 0.25 0.25 0.51 0.43 0.50 1.29 1.11 1.12  
0.25 0.25 0.25 0.25 0.42 0.24 0.64 1.42 1.69 1.46  
0.25 0.25 0.25 0.25 0.49 0.09 0.11 0.74 0.70 0.70  
0.25 0.25 0.25 0.25 0.66 0.12 0.43 1.20 1.19 1.33  
0.25 0.25 0.25 0.25 0.45 0.94 0.64 1.42 1.37 1.59  
0.25 0.25 0.25 0.25 0.65 0.09 1.22 0.97 1.01 0.95  
0.25 0.25 0.25 0.25 0.63 0.47 0.77 1.52 1.57 1.48  
0.25 0.25 0.25 0.25 0.67 0.41 0.25 0.92 0.90 0.84  
0.25 0.25 0.25 0.25 0.70 0.11 0.12 0.77 0.99 0.90  
0.25 0.25 0.25 0.25 0.68 1.04 0.97 0.80 0.81 0.90  
0.25 0.25 0.25 0.25 0.13 0.75 0.84 0.80 0.75 0.74  
0.25 0.25 0.25 0.25 0.71 0.17 0.31 1.11 1.08 1.16  
0.25 0.25 0.25 0.25 0.39 0.10 0.30 0.98 0.91 0.93  
0.25 0.25 0.25 0.25 0.31 1.61 0.43 0.90 0.88 0.75  
