0.24 0.27 0.26 0.24 1.90 1.96 2.05 2.13 2.03 1.96  
0.24 0.26 0.26 0.24 1.16 1.86 1.10 1.42 1.38 1.50  
0.23 0.28 0.24 0.25 0.92 1.32 0.90 1.20 1.32 1.25  
0.23 0.30 0.23 0.24 0.89 0.90 0.80 1.27 1.28 1.23  
0.25 0.26 0.24 0.24 0.76 0.78 0.64 1.18 1.31 1.25  
0.24 0.26 0.26 0.24 0.52 0.72 0.57 0.93 0.90 0.95  
0.22 0.24 0.31 0.23 0.44 0.81 0.70 1.12 1.12 1.14  
0.21 0.23 0.33 0.22 0.54 0.79 0.45 1.03 1.02 1.12  
0.20 0.25 0.32 0.23 0.48 0.55 0.46 1.22 1.20 1.27  
0.20 0.21 0.37 0.22 0.60 0.31 0.43 1.13 1.07 1.23  
0.20 0.21 0.38 0.21 0.48 0.40 0.47 1.27 1.30 1.38  
0.20 0.21 0.38 0.21 0.62 0.52 0.48 1.10 1.08 1.08  
0.20 0.21 0.38 0.21 1.17 0.65 0.34 1.04 0.96 0.99  
0.20 0.20 0.39 0.21 0.40 0.22 0.35 1.29 1.24 1.14  
0.20 0.20 0.39 0.21 0.46 0.43 0.44 1.19 1.10 1.13  
0.20 0.20 0.39 0.21 0.67 0.26 0.36 1.01 0.99 1.00  
0.20 0.20 0.39 0.21 0.32 0.41 0.18 0.86 0.83 0.82  
