0.25 0.25 0.25 0.25 1.89 1.81 2.01 2.02 2.13 2.57  
0.25 0.25 0.25 0.25 2.31 1.49 1.60 1.85 1.65 1.47  
0.25 0.25 0.25 0.25 1.79 1.86 1.89 1.55 1.60 1.32  
0.25 0.25 0.25 0.25 1.49 1.10 1.29 1.48 1.48 1.48  
0.25 0.25 0.25 0.25 1.09 1.46 0.63 1.57 1.45 1.48  
0.25 0.25 0.25 0.25 1.05 1.04 1.49 1.79 1.48 1.66  
0.25 0.25 0.25 0.25 1.10 1.08 0.80 1.31 1.19 1.18  
0.25 0.25 0.25 0.25 0.88 1.06 1.05 1.37 1.27 1.40  
0.25 0.25 0.25 0.25 0.56 1.16 0.89 1.01 0.89 1.03  
0.25 0.25 0.25 0.25 0.97 0.58 0.69 1.42 1.21 1.33  
0.25 0.25 0.25 0.25 1.00 0.66 1.07 1.49 1.40 1.43  
0.25 0.25 0.25 0.25 1.25 1.37 2.27 1.50 1.39 1.09  
0.25 0.25 0.25 0.25 0.87 1.72 0.67 1.39 1.10 1.35  
0.25 0.25 0.25 0.25 0.34 1.32 1.13 1.10 1.12 1.14  
0.25 0.25 0.25 0.25 0.86 1.11 0.86 1.29 1.21 1.34  
0.25 0.25 0.25 0.25 2.14 0.30 1.25 1.15 1.18 1.07  
0.25 0.25 0.25 0.25 1.52 1.21 0.87 1.01 0.89 0.96  
0.25 0.25 0.25 0.25 1.32 0.34 0.61 1.07 0.93 1.01  
0.25 0.25 0.25 0.25 1.48 0.54 1.00 0.84 0.72 0.75  
0.25 0.25 0.25 0.25 0.73 0.48 1.42 0.97 0.95 0.92  
0.25 0.25 0.25 0.25 0.94 1.00 1.12 0.77 0.80 0.84  
0.25 0.25 0.25 0.25 1.25 0.37 1.04 1.24 1.12 1.23  
0.25 0.25 0.25 0.25 0.71 0.71 0.83 0.81 0.91 0.98  
0.25 0.25 0.25 0.25 0.64 0.77 0.32 0.82 0.88 0.88  
0.25 0.25 0.25 0.25 0.37 1.50 0.84 0.94 1.07 1.01  
0.25 0.25 0.25 0.25 0.67 0.75 0.40 1.05 0.99 1.09  
0.25 0.25 0.25 0.25 0.21 0.97 0.15 1.42 1.43 1.59  
0.25 0.25 0.25 0.25 0.51 1.09 0.66 1.54 1.60 1.73  
0.25 0.25 0.25 0.25 0.38 1.24 0.72 1.41 1.37 1.58  
0.25 0.25 0.25 0.25 0.31 0.93 0.76 1.34 1.40 1.34  
0.25 0.25 0.25 0.25 0.61 0.69 1.08 0.84 0.85 0.81  
0.25 0.25 0.25 0.25 0.18 0.56 1.35 0.79 0.85 0.84  
0.25 0.25 0.25 0.25 0.33 0.24 1.05 1.10 0.91 0.91  
0.25 0.25 0.25 0.25 0.95 0.18 0.65 1.53 1.34 1.37  
0.25 0.25 0.25 0.25 0.67 0.31 0.43 1.64 1.69 1.40  
0.25 0.25 0.25 0.25 1.26 0.17 0.63 1.40 1.22 1.24  
0.25 0.25 0.25 0.25 1.37 0.62 1.89 1.29 1.57 1.53  
0.25 0.25 0.25 0.25 1.31 0.24 0.14 1.23 1.38 1.42  
0.25 0.25 0.25 0.25 0.49 0.63 0.35 1.23 1.37 1.61  
0.25 0.25 0.25 0.25 1.64 1.87 0.51 0.95 1.11 1.01  
0.25 0.25 0.25 0.25 0.59 1.30 0.96 1.37 1.24 1.33  
0.25 0.25 0.25 0.25 0.91 0.62 1.18 1.26 1.21 1.40  
0.25 0.25 0.25 0.25 0.54 0.63 0.65 1.22 1.10 1.23  
0.25 0.25 0.25 0.25 0.46 0.32 0.68 1.41 1.49 1.45  
0.25 0.25 0.25 0.25 0.38 0.13 0.15 0.67 0.72 0.64  
0.25 0.25 0.25 0.25 0.68 0.11 0.56 1.04 1.17 1.19  
0.25 0.25 0.25 0.25 0.45 1.24 0.81 1.30 1.46 1.44  
0.25 0.25 0.25 0.25 0.70 0.15 1.04 0.95 0.94 0.92  
0.25 0.25 0.25 0.25 0.51 0.55 0.63 1.51 1.46 1.50  
0.25 0.25 0.25 0.25 0.62 0.60 0.31 0.90 0.83 0.79  
0.25 0.25 0.25 0.25 0.69 0.32 0.06 0.85 0.94 0.93  
0.25 0.25 0.25 0.25 0.37 1.33 0.79 0.76 0.78 0.85  
0.25 0.25 0.25 0.25 0.22 0.65 0.96 0.72 0.67 0.71  
0.25 0.25 0.25 0.25 0.59 0.20 0.43 1.14 1.07 1.02  
0.25 0.25 0.25 0.25 0.54 0.11 0.43 0.93 0.88 0.96  
0.25 0.25 0.25 0.25 0.35 1.74 0.26 0.90 0.97 0.81  
0.25 0.25 0.25 0.25 0.91 0.41 0.07 1.08 1.19 1.10  
0.25 0.25 0.25 0.25 0.28 0.18 0.51 0.97 0.80 0.88  
0.25 0.25 0.25 0.25 0.64 0.31 0.13 1.35 1.15 1.21  
0.25 0.25 0.25 0.25 0.21 1.49 0.23 0.80 0.82 0.92  
0.25 0.25 0.25 0.25 0.25 1.33 0.36 0.95 0.73 0.67  
0.25 0.25 0.25 0.25 0.07 0.98 0.13 1.01 0.90 0.90  
0.25 0.25 0.25 0.25 1.09 0.23 0.17 1.34 1.41 1.59  
0.25 0.25 0.25 0.25 1.26 0.17 0.27 1.27 1.36 1.36  
0.25 0.25 0.25 0.25 0.07 0.32 0.12 0.70 0.64 0.60  
0.25 0.25 0.25 0.25 0.75 0.40 0.48 1.70 1.68 1.78  
0.25 0.25 0.25 0.25 0.60 0.09 0.60 1.12 1.19 1.14  
0.25 0.25 0.25 0.25 0.37 0.12 0.30 1.82 1.61 1.76  
0.25 0.25 0.25 0.25 0.45 0.73 0.09 0.99 0.99 1.04  
0.25 0.25 0.25 0.25 0.56 0.63 0.25 1.02 1.03 1.28  
0.25 0.25 0.25 0.25 0.60 0.09 0.08 1.32 1.12 1.18  
0.25 0.25 0.25 0.25 1.24 0.16 0.66 0.62 0.75 0.57  
0.25 0.25 0.25 0.25 1.87 0.09 0.03 1.66 1.48 1.38  
0.25 0.25 0.25 0.25 0.14 0.66 0.04 0.74 0.77 0.75  
0.25 0.25 0.25 0.25 0.25 0.25 0.24 1.28 1.24 1.22  
0.25 0.25 0.25 0.25 1.06 1.22 0.26 1.11 0.84 0.79  
0.25 0.25 0.25 0.25 0.41 0.99 1.77 1.20 1.13 1.10  
0.25 0.25 0.25 0.25 0.74 1.06 0.39 1.12 1.04 1.16  
0.25 0.25 0.25 0.25 0.34 0.19 0.38 1.17 1.02 1.03  
0.25 0.25 0.25 0.25 0.22 0.33 2.15 1.00 0.96 0.92  
0.25 0.25 0.25 0.25 0.56 0.06 0.34 0.66 0.75 0.76  
0.25 0.25 0.25 0.25 0.93 0.36 0.92 1.00 1.09 1.04  
0.25 0.25 0.25 0.25 0.14 0.70 0.68 1.02 1.31 1.15  
0.25 0.25 0.25 0.25 1.40 0.10 0.42 1.21 1.26 1.31  
0.25 0.25 0.25 0.25 0.08 0.60 0.08 0.76 0.94 1.02  
0.25 0.25 0.25 0.25 0.21 0.38 0.38 1.08 1.01 0.95  
0.25 0.25 0.25 0.25 0.27 0.38 0.18 1.23 1.31 1.30  
0.25 0.25 0.25 0.25 0.61 0.24 0.76 1.62 1.65 1.39  
0.25 0.25 0.25 0.25 0.71 0.61 0.43 1.34 1.39 1.50  
0.25 0.25 0.25 0.25 0.02 0.50 0.33 1.42 1.39 1.31  
0.25 0.25 0.25 0.25 0.83 0.34 0.46 1.11 1.18 1.39  
0.25 0.25 0.25 0.25 1.31 0.36 0.53 0.68 0.53 0.60  
0.25 0.25 0.25 0.25 0.32 0.05 0.14 0.93 0.94 0.97  
0.25 0.25 0.25 0.25 0.15 0.35 0.05 0.77 0.74 0.72  
0.25 0.25 0.25 0.25 0.27 0.05 0.66 0.47 0.52 0.50  
0.25 0.25 0.25 0.25 0.92 0.11 1.01 0.98 0.95 0.98  
0.25 0.25 0.25 0.25 0.39 0.09 0.30 1.85 1.91 1.77  
0.25 0.25 0.25 0.25 0.52 0.60 0.17 1.02 0.88 0.98  
0.25 0.25 0.25 0.25 0.66 0.39 0.45 1.18 1.18 1.04  
0.25 0.25 0.25 0.25 0.43 0.24 0.10 1.26 1.19 1.20  
0.25 0.25 0.25 0.25 0.49 0.04 0.05 1.50 1.58 1.68  
0.25 0.25 0.25 0.25 0.85 0.24 0.10 0.99 0.96 0.94  
0.25 0.25 0.25 0.25 0.65 0.12 0.10 1.07 0.89 0.97  
0.25 0.25 0.25 0.25 0.62 0.03 0.09 1.85 2.01 2.04  
0.25 0.25 0.25 0.25 0.28 0.05 0.42 0.55 0.49 0.43  
0.25 0.25 0.25 0.25 0.46 0.02 0.37 1.14 1.26 1.28  
0.25 0.25 0.25 0.25 0.19 0.06 0.09 0.60 0.49 0.51  
0.25 0.25 0.25 0.25 0.05 0.31 0.10 0.58 0.52 0.74  
0.25 0.25 0.25 0.25 0.55 0.67 0.03 1.09 0.95 0.81  
0.25 0.25 0.25 0.25 0.43 0.56 0.16 0.49 0.48 0.47  
0.25 0.25 0.25 0.25 0.02 0.27 0.15 1.03 1.04 1.03  
0.25 0.25 0.25 0.25 0.79 0.16 0.08 1.08 1.46 1.56  
