0.25 0.25 0.25 0.25 1.89 1.81 2.01 2.02 2.13 2.57  
0.25 0.25 0.25 0.25 2.31 1.49 1.60 1.85 1.65 1.47  
0.25 0.25 0.25 0.25 1.79 1.86 1.89 1.55 1.61 1.32  
0.25 0.25 0.25 0.25 1.48 1.08 1.29 1.49 1.47 1.45  
0.25 0.25 0.25 0.25 1.07 1.46 0.67 1.57 1.43 1.51  
0.25 0.25 0.25 0.25 1.01 0.95 1.54 1.73 1.45 1.64  
0.25 0.25 0.25 0.25 1.13 1.14 0.90 1.33 1.25 1.17  
0.25 0.25 0.25 0.25 0.87 0.94 1.24 1.43 1.32 1.40  
0.25 0.25 0.25 0.25 0.58 1.14 0.92 1.08 1.01 1.07  
0.25 0.25 0.25 0.25 0.99 0.61 0.71 1.54 1.31 1.45  
0.25 0.25 0.25 0.25 0.92 0.55 0.96 1.47 1.45 1.44  
0.25 0.25 0.25 0.25 0.83 1.17 2.67 1.30 1.21 0.99  
0.25 0.25 0.25 0.25 0.81 1.44 0.55 1.41 1.28 1.40  
0.25 0.25 0.25 0.25 0.30 1.19 1.20 1.18 1.23 1.26  
0.25 0.25 0.25 0.25 0.61 1.03 1.03 1.28 1.25 1.40  
0.25 0.25 0.25 0.25 2.10 0.33 1.20 1.15 1.24 1.14  
0.25 0.25 0.25 0.25 1.04 1.23 1.71 0.99 0.96 0.97  
0.25 0.25 0.25 0.25 1.70 0.34 1.00 1.16 0.94 1.08  
0.25 0.25 0.25 0.25 1.46 0.68 1.56 0.90 0.80 0.84  
0.25 0.25 0.25 0.25 0.77 0.41 1.77 1.16 1.01 0.94  
0.25 0.25 0.25 0.25 1.08 1.07 1.18 0.79 0.93 0.87  
0.25 0.25 0.25 0.25 1.47 0.45 0.94 1.11 1.04 1.14  
0.25 0.25 0.25 0.25 0.78 0.86 0.92 0.82 0.91 1.07  
0.25 0.25 0.25 0.25 0.70 0.65 0.18 0.90 1.00 0.79  
0.25 0.25 0.25 0.25 0.45 1.90 0.98 1.22 1.25 1.12  
0.25 0.25 0.25 0.25 0.63 0.50 0.44 0.85 0.98 0.96  
0.25 0.25 0.25 0.25 0.32 0.80 0.15 1.47 1.49 1.60  
0.25 0.25 0.25 0.25 0.40 0.86 0.62 1.58 1.62 1.74  
0.25 0.25 0.25 0.25 0.29 1.15 0.82 1.35 1.32 1.59  
0.25 0.25 0.25 0.25 0.39 1.35 1.18 1.27 1.44 1.42  
0.25 0.25 0.25 0.25 0.51 0.80 0.94 0.89 0.84 0.70  
0.25 0.25 0.25 0.25 0.25 0.27 1.45 0.76 0.85 0.79  
0.25 0.25 0.25 0.25 0.18 0.44 0.87 0.98 0.81 0.83  
0.25 0.25 0.25 0.25 1.14 0.15 0.85 1.61 1.45 1.42  
0.25 0.25 0.25 0.25 0.54 0.37 0.38 1.56 1.45 1.28  
0.25 0.25 0.25 0.25 1.01 0.13 0.63 1.33 1.05 1.14  
0.25 0.25 0.25 0.25 1.20 0.69 1.45 1.23 1.41 1.39  
0.25 0.25 0.25 0.25 1.10 0.41 0.25 1.24 1.51 1.34  
0.25 0.25 0.25 0.25 0.41 0.72 0.35 1.23 1.37 1.47  
0.25 0.25 0.25 0.25 1.32 1.42 0.54 0.89 1.00 0.88  
0.25 0.25 0.25 0.25 1.02 1.05 0.86 1.48 1.19 1.36  
0.25 0.25 0.25 0.25 0.82 0.47 1.21 1.31 1.32 1.41  
0.25 0.25 0.25 0.25 0.49 0.63 0.73 1.28 1.13 1.21  
0.25 0.25 0.25 0.25 0.39 0.43 0.69 1.37 1.52 1.37  
0.25 0.25 0.25 0.25 0.46 0.07 0.09 0.73 0.84 0.77  
0.25 0.25 0.25 0.25 0.58 0.17 0.67 1.26 1.20 1.32  
0.25 0.25 0.25 0.25 0.40 0.88 0.69 1.32 1.30 1.41  
0.25 0.25 0.25 0.25 0.73 0.18 1.20 1.10 1.04 1.10  
0.25 0.25 0.25 0.25 0.64 0.51 0.84 1.31 1.48 1.41  
0.25 0.25 0.25 0.25 0.69 0.39 0.22 0.99 1.01 0.95  
0.25 0.25 0.25 0.25 0.76 0.24 0.09 0.80 0.96 0.91  
0.25 0.25 0.25 0.25 0.47 0.99 1.16 0.75 0.66 0.85  
0.25 0.25 0.25 0.25 0.19 0.81 0.74 0.72 0.67 0.69  
0.25 0.25 0.25 0.25 0.89 0.22 0.42 1.22 1.11 1.03  
0.25 0.25 0.25 0.25 0.50 0.13 0.45 1.03 0.86 1.00  
0.25 0.25 0.25 0.25 0.25 1.11 0.40 0.94 0.94 0.75  
0.25 0.25 0.25 0.25 0.58 0.89 0.14 0.93 1.02 1.08  
0.25 0.25 0.25 0.25 0.30 0.32 0.61 0.89 0.89 0.92  
0.25 0.25 0.25 0.25 0.77 0.25 0.14 1.17 1.05 1.12  
0.25 0.25 0.25 0.25 0.28 1.36 0.25 0.73 0.81 0.94  
0.25 0.25 0.25 0.25 0.59 0.93 0.29 0.97 0.79 0.81  
0.25 0.25 0.25 0.25 0.08 0.63 0.12 0.98 0.97 0.92  
0.25 0.25 0.25 0.25 1.60 0.09 0.25 1.32 1.30 1.43  
0.25 0.25 0.25 0.25 1.32 0.24 0.24 1.03 1.17 1.18  
0.25 0.25 0.25 0.25 0.10 0.35 0.21 0.67 0.60 0.58  
0.25 0.25 0.25 0.25 0.67 0.51 0.52 1.63 1.62 1.75  
0.25 0.25 0.25 0.25 0.56 0.10 0.55 1.02 1.08 0.98  
0.25 0.25 0.25 0.25 0.51 0.08 0.42 1.60 1.31 1.42  
0.25 0.25 0.25 0.25 0.53 0.68 0.12 0.95 0.93 1.03  
0.25 0.25 0.25 0.25 0.70 0.59 0.24 0.99 0.94 1.17  
0.25 0.25 0.25 0.25 0.69 0.04 0.05 1.13 1.04 1.01  
0.25 0.25 0.25 0.25 1.37 0.14 0.38 0.58 0.71 0.62  
0.25 0.25 0.25 0.25 1.59 0.11 0.04 1.49 1.51 1.31  
0.25 0.25 0.25 0.25 0.22 0.54 0.05 0.83 0.84 0.81  
0.25 0.25 0.25 0.25 0.45 0.46 0.36 1.24 1.25 1.31  
0.25 0.25 0.25 0.25 1.31 1.21 0.24 0.91 0.72 0.75  
0.25 0.25 0.25 0.25 0.94 0.94 1.04 1.12 1.15 0.97  
0.25 0.25 0.25 0.25 0.64 1.44 0.50 1.07 0.96 1.04  
0.25 0.25 0.25 0.25 0.31 0.65 0.29 1.01 0.95 0.97  
0.25 0.25 0.25 0.25 0.35 0.34 1.81 0.94 0.94 0.95  
0.25 0.25 0.25 0.25 0.60 0.06 0.30 0.65 0.68 0.61  
0.25 0.25 0.25 0.25 0.95 0.52 1.44 1.07 0.99 0.78  
0.25 0.25 0.25 0.25 0.12 0.67 0.69 1.06 1.10 1.06  
0.25 0.25 0.25 0.25 1.07 0.18 0.42 1.17 1.27 1.36  
0.25 0.25 0.25 0.25 0.06 0.56 0.05 0.90 1.02 1.06  
0.25 0.25 0.25 0.25 0.41 0.24 0.34 1.18 1.16 1.11  
0.25 0.25 0.25 0.25 0.32 0.32 0.11 1.33 1.25 1.38  
0.25 0.25 0.25 0.25 0.81 0.30 0.50 1.74 1.63 1.45  
0.25 0.25 0.25 0.25 0.55 0.41 0.19 1.39 1.36 1.61  
0.25 0.25 0.25 0.25 0.12 0.69 0.28 1.34 1.35 1.10  
0.25 0.25 0.25 0.25 0.90 0.39 0.37 1.10 1.17 1.39  
0.25 0.25 0.25 0.25 0.93 0.30 0.76 0.64 0.45 0.70  
0.25 0.25 0.25 0.25 0.29 0.10 0.10 0.95 0.91 0.89  
0.25 0.25 0.25 0.25 0.35 0.65 0.06 0.73 0.67 0.69  
0.25 0.25 0.25 0.25 0.26 0.14 0.45 0.57 0.62 0.61  
0.25 0.25 0.25 0.25 0.80 0.20 0.84 0.92 0.94 0.86  
0.25 0.25 0.25 0.25 0.29 0.18 0.28 1.66 1.72 1.67  
0.25 0.25 0.25 0.25 0.32 0.58 0.15 0.84 0.82 0.98  
0.25 0.25 0.25 0.25 0.47 0.39 0.24 1.12 1.15 1.16  
0.25 0.25 0.25 0.25 0.35 0.21 0.22 1.12 1.11 1.06  
0.25 0.25 0.25 0.25 0.52 0.03 0.10 1.69 1.62 1.72  
0.25 0.25 0.25 0.25 0.68 0.20 0.06 1.02 1.02 1.07  
0.25 0.25 0.25 0.25 0.79 0.06 0.05 1.00 0.96 0.99  
0.25 0.25 0.25 0.25 0.59 0.02 0.13 1.90 1.98 2.01  
0.25 0.25 0.25 0.25 0.33 0.05 0.20 0.47 0.38 0.34  
0.25 0.25 0.25 0.25 0.54 0.04 0.37 1.02 1.29 1.24  
0.25 0.25 0.25 0.25 0.25 0.02 0.25 0.74 0.74 0.63  
0.25 0.25 0.25 0.25 0.14 0.18 0.16 0.79 0.66 0.61  
0.25 0.25 0.25 0.25 0.75 0.44 0.05 1.06 0.92 0.84  
0.25 0.25 0.25 0.25 0.41 0.39 0.16 0.52 0.52 0.58  
0.25 0.25 0.25 0.25 0.02 0.06 0.13 1.08 1.24 1.19  
0.25 0.25 0.25 0.25 0.41 0.14 0.16 1.04 1.12 1.04  
