0.25 0.25 0.25 0.25 1.89 1.81 2.01 2.02 2.13 2.57  
0.25 0.25 0.25 0.25 2.31 1.49 1.60 1.85 1.64 1.48  
0.25 0.25 0.25 0.25 1.78 1.86 1.90 1.55 1.60 1.32  
0.25 0.25 0.25 0.25 1.49 1.06 1.26 1.50 1.50 1.47  
0.25 0.25 0.25 0.25 1.09 1.50 0.62 1.56 1.43 1.48  
0.25 0.25 0.25 0.25 1.02 1.01 1.50 1.70 1.50 1.63  
0.25 0.25 0.25 0.25 1.07 1.03 0.75 1.35 1.21 1.20  
0.25 0.25 0.25 0.25 0.88 1.02 1.14 1.38 1.24 1.43  
0.25 0.25 0.25 0.25 0.55 1.14 0.88 1.09 0.92 0.99  
0.25 0.25 0.25 0.25 1.03 0.60 0.97 1.34 1.18 1.31  
0.25 0.25 0.25 0.25 0.94 0.71 1.52 1.43 1.39 1.38  
0.25 0.25 0.25 0.25 0.81 1.30 2.09 1.31 1.23 1.03  
0.25 0.25 0.25 0.25 0.83 1.60 0.46 1.42 1.29 1.24  
0.25 0.25 0.25 0.25 0.26 1.46 1.15 1.04 1.15 1.15  
0.25 0.25 0.25 0.25 0.66 1.10 0.83 1.31 1.25 1.34  
0.25 0.25 0.25 0.25 2.07 0.34 1.54 1.15 1.20 1.13  
0.25 0.25 0.25 0.25 1.55 1.09 1.05 0.91 0.92 0.92  
0.25 0.25 0.25 0.25 1.34 0.35 0.57 1.06 0.94 1.04  
0.25 0.25 0.25 0.25 1.21 0.65 1.03 0.90 0.79 0.80  
0.25 0.25 0.25 0.25 0.60 0.63 1.51 1.10 1.03 1.02  
0.25 0.25 0.25 0.25 0.72 1.07 1.21 0.86 0.84 0.82  
0.25 0.25 0.25 0.25 1.17 0.45 0.62 1.40 1.23 1.21  
0.25 0.25 0.25 0.25 0.66 0.80 1.23 0.82 0.83 0.87  
0.25 0.25 0.25 0.25 0.62 0.82 0.18 0.89 0.98 0.90  
0.25 0.25 0.25 0.25 0.41 1.40 0.82 1.04 1.02 1.03  
0.25 0.25 0.25 0.25 0.60 0.74 0.26 1.04 0.98 1.16  
0.25 0.25 0.25 0.25 0.22 1.00 0.15 1.47 1.52 1.67  
0.25 0.25 0.25 0.25 0.41 0.95 0.46 1.56 1.51 1.68  
0.25 0.25 0.25 0.25 0.27 0.98 0.79 1.20 1.25 1.45  
0.25 0.25 0.25 0.25 0.21 0.75 0.62 1.28 1.50 1.53  
0.25 0.25 0.25 0.25 0.52 0.70 1.07 0.88 0.76 0.76  
0.25 0.25 0.25 0.25 0.26 0.67 1.02 0.75 0.82 0.88  
0.25 0.25 0.25 0.25 0.27 0.17 0.65 0.97 0.81 0.84  
0.25 0.25 0.25 0.25 0.89 0.23 0.81 1.53 1.56 1.51  
0.25 0.25 0.25 0.25 0.61 0.30 0.40 1.49 1.47 1.39  
0.25 0.25 0.25 0.25 1.17 0.28 0.94 1.36 1.21 1.20  
0.25 0.25 0.25 0.25 1.39 0.68 1.52 1.30 1.80 1.61  
0.25 0.25 0.25 0.25 1.30 0.41 0.18 1.29 1.57 1.38  
0.25 0.25 0.25 0.25 0.50 0.84 0.32 1.16 1.28 1.43  
0.25 0.25 0.25 0.25 1.39 1.79 0.60 1.04 1.06 0.83  
0.25 0.25 0.25 0.25 0.91 0.89 0.68 1.41 1.35 1.40  
0.25 0.25 0.25 0.25 0.83 0.51 1.33 1.19 1.23 1.29  
0.25 0.25 0.25 0.25 0.54 0.61 0.73 1.33 1.14 1.20  
0.25 0.25 0.25 0.25 0.37 0.52 0.47 1.34 1.44 1.30  
0.25 0.25 0.25 0.25 0.35 0.12 0.20 0.62 0.64 0.54  
0.25 0.25 0.25 0.25 0.61 0.22 0.55 1.30 1.24 1.37  
0.25 0.25 0.25 0.25 0.46 1.08 0.65 1.44 1.45 1.49  
0.25 0.25 0.25 0.25 0.73 0.20 1.12 1.04 0.99 1.00  
0.25 0.25 0.25 0.25 0.51 0.56 0.72 1.37 1.38 1.35  
0.25 0.25 0.25 0.25 0.77 0.26 0.29 0.92 0.99 0.92  
0.25 0.25 0.25 0.25 0.77 0.33 0.15 0.94 1.12 1.04  
0.25 0.25 0.25 0.25 0.50 1.31 1.00 0.73 0.71 0.85  
0.25 0.25 0.25 0.25 0.18 1.11 0.80 0.61 0.66 0.64  
0.25 0.25 0.25 0.25 0.72 0.25 0.45 0.97 1.00 0.89  
0.25 0.25 0.25 0.25 0.55 0.20 0.42 0.93 0.83 0.90  
0.25 0.25 0.25 0.25 0.28 1.65 0.31 0.94 0.98 0.83  
0.25 0.25 0.25 0.25 0.72 0.95 0.12 0.90 1.08 1.00  
0.25 0.25 0.25 0.25 0.35 0.27 0.57 0.89 0.81 0.87  
0.25 0.25 0.25 0.25 0.67 0.26 0.13 1.21 1.13 1.25  
0.25 0.25 0.25 0.25 0.25 1.09 0.41 0.72 0.83 1.02  
0.25 0.25 0.25 0.25 0.82 1.31 0.36 0.81 0.74 0.57  
0.25 0.25 0.25 0.25 0.06 0.75 0.16 1.02 0.99 0.89  
0.25 0.25 0.25 0.25 1.76 0.14 0.19 1.27 1.10 1.36  
0.25 0.25 0.25 0.25 1.22 0.20 0.18 1.12 1.19 1.28  
0.25 0.25 0.25 0.25 0.10 0.47 0.10 0.72 0.68 0.60  
0.25 0.25 0.25 0.25 0.71 0.40 0.37 1.59 1.62 1.69  
0.25 0.25 0.25 0.25 0.55 0.08 0.64 1.12 1.05 1.02  
0.25 0.25 0.25 0.25 0.42 0.09 0.35 1.63 1.22 1.38  
0.25 0.25 0.25 0.25 0.38 0.62 0.18 0.96 0.99 1.00  
0.25 0.25 0.25 0.25 0.58 0.61 0.17 1.08 0.87 1.19  
0.25 0.25 0.25 0.25 0.65 0.10 0.06 1.28 1.23 1.15  
0.25 0.25 0.25 0.25 1.39 0.16 0.46 0.61 0.82 0.54  
0.25 0.25 0.25 0.25 1.58 0.08 0.04 1.31 1.27 1.23  
0.25 0.25 0.25 0.25 0.09 0.53 0.04 0.83 0.80 0.76  
0.25 0.25 0.25 0.25 0.36 0.32 0.35 1.12 1.25 1.17  
0.25 0.25 0.25 0.25 1.54 1.13 0.35 0.96 0.85 0.79  
0.25 0.25 0.25 0.25 0.82 1.37 2.05 1.07 0.99 0.91  
0.25 0.25 0.25 0.25 0.61 1.31 0.37 0.98 0.92 1.03  
0.25 0.25 0.25 0.25 0.23 0.39 0.54 0.97 0.90 0.95  
0.25 0.25 0.25 0.25 0.31 0.33 1.43 0.92 0.88 0.85  
0.25 0.25 0.25 0.25 0.58 0.03 0.35 0.67 0.77 0.75  
0.25 0.25 0.25 0.25 1.13 0.33 1.60 1.01 1.00 0.95  
0.25 0.25 0.25 0.25 0.14 0.72 0.67 1.05 1.31 1.21  
0.25 0.25 0.25 0.25 0.84 0.16 0.45 1.36 1.29 1.46  
0.25 0.25 0.25 0.25 0.06 0.28 0.10 0.85 1.04 0.95  
0.25 0.25 0.25 0.25 0.48 0.18 0.37 1.17 1.01 1.09  
0.25 0.25 0.25 0.25 0.30 0.31 0.29 1.27 1.31 1.33  
0.25 0.25 0.25 0.25 0.85 0.22 0.70 1.53 1.42 1.23  
0.25 0.25 0.25 0.25 0.64 0.43 0.25 1.31 1.50 1.50  
0.25 0.25 0.25 0.25 0.04 0.52 0.37 1.16 1.15 1.06  
0.25 0.25 0.25 0.25 0.67 0.28 0.42 1.20 1.31 1.51  
0.25 0.25 0.25 0.25 1.01 0.34 0.89 0.77 0.61 0.67  
0.25 0.25 0.25 0.25 0.32 0.07 0.17 1.05 0.95 0.91  
0.25 0.25 0.25 0.25 0.29 0.59 0.04 0.95 0.90 0.83  
0.25 0.25 0.25 0.25 0.18 0.13 0.57 0.52 0.67 0.72  
0.25 0.25 0.25 0.25 0.92 0.16 0.55 0.99 1.04 1.05  
0.25 0.25 0.25 0.25 0.22 0.17 0.20 1.54 1.63 1.62  
0.25 0.25 0.25 0.25 0.35 0.57 0.12 0.98 0.91 1.01  
0.25 0.25 0.25 0.25 0.55 0.39 0.23 1.08 1.12 1.05  
0.25 0.25 0.25 0.25 0.37 0.26 0.16 1.05 0.87 0.98  
0.25 0.25 0.25 0.25 0.52 0.04 0.09 1.50 1.59 1.69  
0.25 0.25 0.25 0.25 0.59 0.17 0.04 0.87 0.95 0.95  
0.25 0.25 0.25 0.25 0.63 0.08 0.06 0.91 0.88 0.98  
0.25 0.25 0.25 0.25 0.59 0.01 0.08 1.80 1.97 1.82  
0.25 0.25 0.25 0.25 0.13 0.20 0.33 0.56 0.48 0.47  
0.25 0.25 0.25 0.25 0.57 0.04 0.35 1.08 1.29 1.32  
0.25 0.25 0.25 0.25 0.24 0.04 0.23 0.67 0.55 0.54  
0.25 0.25 0.25 0.25 0.14 0.20 0.11 0.62 0.51 0.54  
0.25 0.25 0.25 0.25 0.58 0.37 0.03 1.06 0.88 0.85  
0.25 0.25 0.25 0.25 0.55 0.47 0.11 0.42 0.43 0.48  
0.25 0.25 0.25 0.25 0.02 0.07 0.06 1.01 1.14 1.21  
0.25 0.25 0.25 0.25 0.36 0.05 0.15 0.90 1.05 1.04  
