0.24 0.25 0.27 0.24 1.91 2.02 1.96 2.17 1.95 1.74  
0.26 0.26 0.25 0.23 1.05 1.07 1.00 1.45 1.42 1.34  
0.22 0.28 0.26 0.24 0.76 0.94 0.73 1.21 1.23 1.17  
0.23 0.30 0.24 0.24 0.54 0.66 0.71 1.20 1.16 1.09  
0.29 0.26 0.21 0.24 0.45 0.58 0.49 1.20 1.23 1.25  
0.38 0.21 0.20 0.21 0.44 0.44 0.40 1.22 1.29 1.30  
0.38 0.20 0.20 0.21 0.67 0.46 0.46 1.14 1.13 1.20  
0.37 0.22 0.20 0.21 0.41 0.47 0.40 1.25 1.21 1.15  
0.37 0.21 0.21 0.21 0.19 0.44 0.20 0.99 0.99 1.02  
0.35 0.22 0.21 0.22 0.27 0.19 0.18 1.20 1.22 1.25  
0.35 0.22 0.21 0.22 0.29 0.20 0.18 0.98 1.07 1.03  
0.36 0.22 0.21 0.22 0.34 0.24 0.17 1.05 0.98 1.00  
0.33 0.25 0.20 0.22 0.22 0.24 0.17 1.30 1.37 1.33  
0.33 0.25 0.20 0.22 0.19 0.19 0.21 1.05 1.11 1.04  
0.33 0.26 0.20 0.21 0.26 0.13 0.21 1.15 1.18 1.13  
0.31 0.27 0.20 0.21 0.22 0.13 0.13 1.09 1.13 1.16  
0.34 0.25 0.20 0.21 0.17 0.10 0.09 1.06 1.11 1.08  
0.35 0.24 0.20 0.21 0.15 0.08 0.08 1.20 1.26 1.21  
0.30 0.29 0.20 0.21 0.27 0.09 0.11 1.06 1.05 1.06  
0.29 0.30 0.20 0.21 0.20 0.11 0.10 0.97 1.03 0.99  
0.28 0.31 0.20 0.21 0.14 0.17 0.08 1.08 1.10 1.18  
0.32 0.27 0.20 0.21 0.19 0.09 0.07 1.15 1.02 1.05  
0.34 0.26 0.20 0.21 0.16 0.09 0.08 0.94 1.00 0.99  
0.32 0.27 0.20 0.21 0.12 0.08 0.06 0.84 0.95 0.90  
0.30 0.29 0.20 0.21 0.11 0.07 0.06 0.90 1.02 0.99  
0.31 0.28 0.20 0.21 0.08 0.06 0.05 1.06 1.03 1.05  
0.23 0.36 0.20 0.20 0.08 0.07 0.07 1.10 1.18 1.14  
0.26 0.34 0.20 0.21 0.07 0.09 0.07 1.03 1.10 1.08  
0.25 0.35 0.20 0.21 0.07 0.05 0.05 1.05 1.02 0.98  
0.24 0.36 0.20 0.21 0.07 0.05 0.05 0.82 0.80 0.86  
0.27 0.33 0.20 0.21 0.07 0.04 0.05 1.23 1.18 1.16  
0.28 0.31 0.20 0.21 0.05 0.06 0.04 0.94 0.95 0.94  
0.32 0.28 0.20 0.21 0.06 0.03 0.03 1.23 1.13 1.22  
0.28 0.31 0.20 0.21 0.06 0.04 0.04 0.98 0.97 0.90  
0.23 0.37 0.20 0.20 0.07 0.04 0.03 1.15 1.10 1.10  
0.33 0.26 0.20 0.20 0.04 0.03 0.03 1.01 1.02 0.98  
0.29 0.31 0.20 0.20 0.05 0.05 0.04 1.03 1.03 0.98  
0.29 0.30 0.20 0.20 0.04 0.04 0.03 0.86 0.90 0.90  
0.37 0.23 0.20 0.20 0.06 0.10 0.04 1.00 0.97 1.04  
0.37 0.23 0.20 0.20 0.07 0.06 0.04 0.96 0.92 0.96  
0.34 0.26 0.20 0.20 0.05 0.03 0.04 1.01 1.09 1.04  
0.29 0.31 0.20 0.20 0.05 0.03 0.04 0.92 0.98 0.96  
0.35 0.25 0.20 0.20 0.05 0.02 0.02 1.07 1.05 1.07  
0.37 0.23 0.20 0.20 0.05 0.03 0.03 1.07 1.08 1.03  
0.35 0.25 0.20 0.20 0.03 0.05 0.04 1.16 1.16 1.14  
0.37 0.23 0.20 0.20 0.02 0.02 0.03 0.90 0.85 0.84  
0.37 0.23 0.20 0.20 0.03 0.02 0.02 0.91 0.98 0.99  
0.32 0.28 0.20 0.20 0.05 0.03 0.03 0.93 0.93 0.97  
0.34 0.26 0.20 0.20 0.02 0.02 0.02 0.97 0.96 0.99  
0.37 0.23 0.20 0.20 0.03 0.02 0.02 0.99 0.98 0.99  
0.36 0.24 0.20 0.20 0.03 0.02 0.02 1.03 1.08 1.03  
0.33 0.27 0.20 0.20 0.03 0.03 0.03 1.20 1.13 1.18  
0.34 0.26 0.20 0.20 0.03 0.02 0.03 0.91 0.83 0.90  
0.38 0.22 0.20 0.20 0.03 0.02 0.02 1.08 1.11 1.10  
0.38 0.22 0.20 0.20 0.04 0.03 0.02 1.03 1.01 0.99  
0.37 0.23 0.20 0.20 0.02 0.02 0.03 0.90 0.88 0.91  
0.39 0.21 0.20 0.20 0.03 0.02 0.02 1.00 1.09 1.02  
0.39 0.21 0.20 0.20 0.02 0.02 0.03 0.97 1.05 1.04  
0.40 0.20 0.20 0.20 0.02 0.01 0.02 0.92 0.94 0.97  
0.40 0.20 0.20 0.20 0.02 0.02 0.02 1.05 1.01 1.06  
0.40 0.20 0.20 0.20 0.03 0.02 0.02 1.04 1.11 1.09  
0.40 0.20 0.20 0.20 0.02 0.02 0.02 0.90 0.93 0.96  
0.40 0.20 0.20 0.20 0.02 0.02 0.03 0.86 0.80 0.82  
0.40 0.20 0.20 0.20 0.02 0.02 0.02 0.87 0.97 0.96  
0.40 0.20 0.20 0.20 0.01 0.02 0.01 0.87 0.85 0.83  
0.40 0.20 0.20 0.20 0.02 0.01 0.02 0.86 0.85 0.91  
0.40 0.20 0.20 0.20 0.02 0.02 0.02 1.04 1.03 1.04  
0.40 0.20 0.20 0.20 0.02 0.01 0.02 0.96 0.88 0.92  
0.40 0.20 0.20 0.20 0.03 0.02 0.02 1.03 0.98 1.02  
0.40 0.20 0.20 0.20 0.02 0.01 0.01 1.08 1.03 1.06  
0.40 0.20 0.20 0.20 0.03 0.02 0.02 0.87 0.93 0.90  
0.40 0.20 0.20 0.20 0.02 0.01 0.03 1.18 1.15 1.09  
0.40 0.20 0.20 0.20 0.02 0.03 0.01 1.09 1.04 1.09  
0.40 0.20 0.20 0.20 0.01 0.01 0.02 1.00 0.93 0.96  
0.40 0.20 0.20 0.20 0.02 0.01 0.02 0.81 0.85 0.89  
0.40 0.20 0.20 0.20 0.01 0.02 0.01 0.72 0.81 0.76  
0.40 0.20 0.20 0.20 0.02 0.02 0.01 1.25 1.33 1.32  
0.40 0.20 0.20 0.20 0.02 0.03 0.02 0.89 0.95 0.99  
0.40 0.20 0.20 0.20 0.02 0.01 0.02 1.01 0.99 0.96  
0.40 0.20 0.20 0.20 0.01 0.01 0.02 1.12 1.09 1.06  
0.40 0.20 0.20 0.20 0.02 0.01 0.01 0.92 0.97 0.97  
0.40 0.20 0.20 0.20 0.02 0.01 0.01 1.10 1.07 1.10  
0.40 0.20 0.20 0.20 0.02 0.02 0.01 0.94 1.02 0.99  
0.40 0.20 0.20 0.20 0.01 0.01 0.01 1.03 1.07 1.06  
0.40 0.20 0.20 0.20 0.02 0.02 0.01 0.90 0.88 0.92  
0.40 0.20 0.20 0.20 0.01 0.03 0.01 0.97 1.03 0.96  
0.40 0.20 0.20 0.20 0.01 0.01 0.01 1.09 1.09 1.12  
0.40 0.20 0.20 0.20 0.02 0.01 0.01 0.88 0.91 0.85  
0.40 0.20 0.20 0.20 0.02 0.01 0.01 1.08 1.06 1.06  
0.40 0.20 0.20 0.20 0.01 0.02 0.01 0.93 0.96 0.97  
0.40 0.20 0.20 0.20 0.01 0.01 0.02 0.91 0.93 1.01  
0.40 0.20 0.20 0.20 0.01 0.01 0.01 1.02 1.10 1.02  
0.40 0.20 0.20 0.20 0.01 0.01 0.01 1.15 1.12 1.22  
0.40 0.20 0.20 0.20 0.01 0.02 0.01 0.86 0.83 0.89  
0.40 0.20 0.20 0.20 0.01 0.01 0.01 0.84 0.79 0.82  
0.40 0.20 0.20 0.20 0.01 0.01 0.01 1.07 1.07 1.06  
0.40 0.20 0.20 0.20 0.01 0.01 0.01 1.07 1.07 1.07  
0.40 0.20 0.20 0.20 0.01 0.01 0.03 0.93 0.99 0.98  
0.40 0.20 0.20 0.20 0.01 0.01 0.01 0.98 0.90 0.95  
0.40 0.20 0.20 0.20 0.01 0.01 0.01 1.13 1.07 1.09  
0.40 0.20 0.20 0.20 0.01 0.01 0.01 0.98 0.98 1.03  
0.40 0.20 0.20 0.20 0.01 0.01 0.01 0.88 0.90 0.87  
0.40 0.20 0.20 0.20 0.01 0.01 0.01 0.90 0.95 0.91  
0.40 0.20 0.20 0.20 0.01 0.01 0.01 0.85 0.80 0.83  
0.40 0.20 0.20 0.20 0.01 0.01 0.01 0.94 0.93 0.95  
0.40 0.20 0.20 0.20 0.01 0.01 0.01 0.89 0.92 0.90  
0.40 0.20 0.20 0.20 0.01 0.01 0.02 1.06 1.09 1.09  
0.40 0.20 0.20 0.20 0.01 0.01 0.02 0.96 0.93 0.97  
0.40 0.20 0.20 0.20 0.02 0.01 0.01 1.12 1.08 1.09  
0.40 0.20 0.20 0.20 0.01 0.01 0.01 0.94 0.94 0.96  
0.40 0.20 0.20 0.20 0.01 0.01 0.01 0.94 0.93 0.93  
0.40 0.20 0.20 0.20 0.02 0.01 0.01 0.93 0.92 0.93  
0.40 0.20 0.20 0.20 0.01 0.01 0.01 0.95 1.07 0.99  
0.40 0.20 0.20 0.20 0.01 0.01 0.01 1.14 1.13 1.13  
0.40 0.20 0.20 0.20 0.01 0.01 0.01 0.99 0.97 1.02  
0.40 0.20 0.20 0.20 0.01 0.01 0.01 0.91 0.89 0.89  
0.40 0.20 0.20 0.20 0.01 0.01 0.01 1.04 1.01 1.03  
0.40 0.20 0.20 0.20 0.01 0.01 0.01 1.05 1.15 1.11  
0.40 0.20 0.20 0.20 0.01 0.00 0.01 0.87 0.88 0.86  
0.40 0.20 0.20 0.20 0.01 0.01 0.01 0.91 0.93 0.89  
0.40 0.20 0.20 0.20 0.01 0.01 0.00 1.08 1.00 0.97  
0.40 0.20 0.20 0.20 0.01 0.01 0.01 0.92 0.97 0.99  
0.40 0.20 0.20 0.20 0.01 0.01 0.01 0.92 0.94 0.92  
0.40 0.20 0.20 0.20 0.01 0.00 0.01 1.05 1.06 1.03  
0.40 0.20 0.20 0.20 0.01 0.01 0.01 1.06 1.06 1.05  
0.40 0.20 0.20 0.20 0.01 0.01 0.01 0.80 0.82 0.78  
0.40 0.20 0.20 0.20 0.01 0.01 0.01 0.99 1.05 1.03  
0.40 0.20 0.20 0.20 0.01 0.01 0.01 1.06 1.04 1.12  
0.40 0.20 0.20 0.20 0.01 0.01 0.01 1.06 1.04 1.03  
0.40 0.20 0.20 0.20 0.01 0.01 0.01 0.90 0.98 0.87  
0.40 0.20 0.20 0.20 0.01 0.00 0.01 0.97 0.98 0.94  
0.40 0.20 0.20 0.20 0.01 0.01 0.01 0.80 0.79 0.77  
0.40 0.20 0.20 0.20 0.01 0.01 0.01 0.94 0.97 0.96  
0.40 0.20 0.20 0.20 0.01 0.01 0.01 0.98 0.93 0.98  
0.40 0.20 0.20 0.20 0.01 0.01 0.01 0.87 0.91 0.85  
0.40 0.20 0.20 0.20 0.01 0.01 0.01 1.01 1.08 1.08  
0.40 0.20 0.20 0.20 0.01 0.01 0.01 0.95 0.95 0.93  
0.40 0.20 0.20 0.20 0.01 0.01 0.01 0.86 0.90 0.92  
0.40 0.20 0.20 0.20 0.01 0.01 0.00 1.10 1.02 1.11  
0.40 0.20 0.20 0.20 0.01 0.00 0.01 1.11 1.14 1.10  
0.40 0.20 0.20 0.20 0.01 0.01 0.01 1.02 1.02 0.96  
0.40 0.20 0.20 0.20 0.01 0.01 0.01 1.02 1.11 1.08  
0.40 0.20 0.20 0.20 0.01 0.01 0.01 0.83 0.83 0.79  
0.40 0.20 0.20 0.20 0.01 0.00 0.01 0.89 0.88 0.92  
0.40 0.20 0.20 0.20 0.01 0.00 0.01 1.08 1.11 1.11  
0.40 0.20 0.20 0.20 0.01 0.01 0.00 0.83 0.89 0.85  
0.40 0.20 0.20 0.20 0.01 0.01 0.01 0.98 0.99 0.93  
0.40 0.20 0.20 0.20 0.01 0.01 0.00 0.78 0.80 0.80  
0.40 0.20 0.20 0.20 0.00 0.01 0.00 0.94 0.87 0.97  
0.40 0.20 0.20 0.20 0.01 0.01 0.01 0.81 0.89 0.88  
0.40 0.20 0.20 0.20 0.01 0.01 0.01 1.15 1.18 1.17  
0.40 0.20 0.20 0.20 0.01 0.01 0.01 0.93 0.91 0.93  
0.40 0.20 0.20 0.20 0.01 0.01 0.01 0.89 0.85 0.85  
0.40 0.20 0.20 0.20 0.00 0.01 0.00 1.19 1.22 1.09  
0.40 0.20 0.20 0.20 0.03 0.00 0.01 0.84 0.96 0.88  
0.40 0.20 0.20 0.20 0.01 0.01 0.00 0.80 0.88 0.83  
0.40 0.20 0.20 0.20 0.01 0.01 0.00 0.90 0.95 0.89  
0.40 0.20 0.20 0.20 0.01 0.01 0.01 0.91 0.99 0.90  
0.40 0.20 0.20 0.20 0.00 0.00 0.01 0.97 1.11 1.04  
0.40 0.20 0.20 0.20 0.01 0.01 0.00 0.85 0.90 0.91  
0.40 0.20 0.20 0.20 0.01 0.01 0.01 0.99 1.02 1.09  
0.40 0.20 0.20 0.20 0.00 0.00 0.01 0.97 0.96 1.04  
0.40 0.20 0.20 0.20 0.00 0.01 0.01 0.88 0.95 0.88  
0.40 0.20 0.20 0.20 0.00 0.01 0.01 0.83 0.89 0.85  
0.40 0.20 0.20 0.20 0.01 0.01 0.01 0.95 0.98 0.96  
0.40 0.20 0.20 0.20 0.00 0.01 0.01 0.96 0.93 0.95  
0.40 0.20 0.20 0.20 0.00 0.01 0.01 1.08 1.09 1.15  
0.40 0.20 0.20 0.20 0.01 0.00 0.01 0.82 0.89 0.81  
0.40 0.20 0.20 0.20 0.01 0.00 0.00 0.80 0.72 0.73  
0.40 0.20 0.20 0.20 0.00 0.00 0.00 0.75 0.75 0.71  
0.40 0.20 0.20 0.20 0.00 0.00 0.00 0.95 0.97 0.94  
0.40 0.20 0.20 0.20 0.00 0.00 0.00 1.13 1.07 1.12  
0.40 0.20 0.20 0.20 0.00 0.01 0.01 0.92 0.82 0.81  
0.40 0.20 0.20 0.20 0.01 0.01 0.01 1.04 1.04 1.08  
0.40 0.20 0.20 0.20 0.00 0.01 0.00 1.18 1.08 1.08  
0.40 0.20 0.20 0.20 0.01 0.00 0.00 1.06 1.05 0.98  
0.40 0.20 0.20 0.20 0.00 0.00 0.01 1.03 0.96 1.03  
0.40 0.20 0.20 0.20 0.01 0.00 0.01 0.87 0.80 0.80  
0.40 0.20 0.20 0.20 0.00 0.01 0.00 0.97 0.99 1.00  
0.40 0.20 0.20 0.20 0.00 0.00 0.00 1.16 1.20 1.17  
0.40 0.20 0.20 0.20 0.01 0.00 0.00 0.99 0.94 0.97  
0.40 0.20 0.20 0.20 0.00 0.00 0.01 1.06 1.04 0.99  
0.40 0.20 0.20 0.20 0.01 0.01 0.00 0.77 0.78 0.78  
0.40 0.20 0.20 0.20 0.00 0.00 0.00 0.86 0.86 0.87  
0.40 0.20 0.20 0.20 0.00 0.00 0.00 0.95 0.93 1.00  
0.40 0.20 0.20 0.20 0.00 0.01 0.00 1.12 1.16 1.19  
0.40 0.20 0.20 0.20 0.00 0.00 0.00 0.84 0.85 0.83  
0.40 0.20 0.20 0.20 0.00 0.01 0.00 0.97 0.92 0.96  
0.40 0.20 0.20 0.20 0.00 0.00 0.01 0.88 0.81 0.92  
0.40 0.20 0.20 0.20 0.00 0.00 0.01 1.03 1.03 1.01  
0.40 0.20 0.20 0.20 0.00 0.01 0.00 1.03 1.00 0.96  
0.40 0.20 0.20 0.20 0.01 0.01 0.01 0.82 0.82 0.76  
0.40 0.20 0.20 0.20 0.00 0.00 0.01 0.90 0.89 0.90  
0.40 0.20 0.20 0.20 0.00 0.00 0.01 0.74 0.78 0.74  
0.40 0.20 0.20 0.20 0.01 0.01 0.00 1.08 1.00 1.06  
0.40 0.20 0.20 0.20 0.01 0.00 0.00 0.95 0.95 0.95  
0.40 0.20 0.20 0.20 0.01 0.00 0.01 0.87 0.84 0.88  
0.40 0.20 0.20 0.20 0.00 0.01 0.01 0.88 0.92 0.90  
0.40 0.20 0.20 0.20 0.00 0.00 0.00 0.93 1.02 1.02  
0.40 0.20 0.20 0.20 0.00 0.00 0.00 0.96 0.95 0.92  
0.40 0.20 0.20 0.20 0.00 0.00 0.00 0.99 0.93 0.98  
0.40 0.20 0.20 0.20 0.00 0.00 0.00 1.08 1.07 1.08  
0.40 0.20 0.20 0.20 0.00 0.00 0.00 1.13 1.16 1.16  
0.40 0.20 0.20 0.20 0.01 0.00 0.00 0.97 0.90 0.92  
0.40 0.20 0.20 0.20 0.01 0.01 0.00 0.91 0.87 0.90  
0.40 0.20 0.20 0.20 0.00 0.01 0.01 0.82 0.83 0.80  
0.40 0.20 0.20 0.20 0.00 0.00 0.01 0.89 0.91 0.87  
0.40 0.20 0.20 0.20 0.01 0.00 0.00 0.75 0.80 0.79  
0.40 0.20 0.20 0.20 0.01 0.00 0.00 1.02 1.02 0.94  
0.40 0.20 0.20 0.20 0.00 0.00 0.00 0.76 0.74 0.72  
0.40 0.20 0.20 0.20 0.00 0.00 0.01 1.03 1.06 1.05  
0.40 0.20 0.20 0.20 0.00 0.00 0.00 0.87 0.85 0.81  
0.40 0.20 0.20 0.20 0.01 0.00 0.01 1.05 1.05 1.04  
0.40 0.20 0.20 0.20 0.00 0.00 0.01 0.86 0.83 0.84  
0.40 0.20 0.20 0.20 0.00 0.00 0.01 0.97 0.97 1.04  
0.40 0.20 0.20 0.20 0.00 0.00 0.00 0.84 0.79 0.80  
0.40 0.20 0.20 0.20 0.00 0.00 0.00 0.82 0.80 0.84  
0.40 0.20 0.20 0.20 0.00 0.00 0.00 0.87 0.90 0.88  
0.40 0.20 0.20 0.20 0.00 0.00 0.00 0.96 1.00 1.05  
0.40 0.20 0.20 0.20 0.00 0.01 0.00 1.02 1.01 1.05  
0.40 0.20 0.20 0.20 0.00 0.00 0.00 0.87 0.83 0.87  
0.40 0.20 0.20 0.20 0.00 0.00 0.01 0.80 0.83 0.82  
0.40 0.20 0.20 0.20 0.00 0.00 0.00 1.05 1.05 1.04  
0.40 0.20 0.20 0.20 0.01 0.00 0.00 1.03 1.06 1.03  
0.40 0.20 0.20 0.20 0.00 0.01 0.00 1.02 1.03 1.02  
0.40 0.20 0.20 0.20 0.00 0.00 0.00 0.94 0.91 0.91  
0.40 0.20 0.20 0.20 0.00 0.01 0.00 0.94 0.91 0.91  
0.40 0.20 0.20 0.20 0.00 0.00 0.00 0.99 1.02 1.02  
0.40 0.20 0.20 0.20 0.00 0.00 0.01 1.09 1.13 1.18  
0.40 0.20 0.20 0.20 0.00 0.00 0.00 0.85 0.88 0.84  
0.40 0.20 0.20 0.20 0.00 0.00 0.00 0.79 0.83 0.81  
0.40 0.20 0.20 0.20 0.00 0.00 0.00 0.88 0.84 0.85  
0.40 0.20 0.20 0.20 0.00 0.01 0.00 0.96 0.96 0.94  
0.40 0.20 0.20 0.20 0.00 0.00 0.00 1.00 1.02 0.99  
0.40 0.20 0.20 0.20 0.00 0.01 0.00 1.02 0.98 1.04  
0.40 0.20 0.20 0.20 0.00 0.00 0.00 0.96 0.98 0.92  
0.40 0.20 0.20 0.20 0.00 0.01 0.00 0.94 0.94 0.87  
0.40 0.20 0.20 0.20 0.00 0.00 0.00 0.89 0.92 0.97  
0.40 0.20 0.20 0.20 0.00 0.00 0.01 0.78 0.83 0.90  
0.40 0.20 0.20 0.20 0.00 0.01 0.00 0.95 0.89 0.96  
0.40 0.20 0.20 0.20 0.00 0.00 0.00 0.85 0.85 0.87  
0.40 0.20 0.20 0.20 0.01 0.00 0.00 0.98 0.96 1.01  
0.40 0.20 0.20 0.20 0.00 0.00 0.00 0.88 0.97 0.89  
0.40 0.20 0.20 0.20 0.00 0.00 0.00 0.84 0.86 0.86  
0.40 0.20 0.20 0.20 0.00 0.00 0.00 0.86 0.88 0.92  
0.40 0.20 0.20 0.20 0.00 0.01 0.00 0.94 0.95 0.99  
0.40 0.20 0.20 0.20 0.00 0.00 0.00 0.91 0.96 1.01  
0.40 0.20 0.20 0.20 0.01 0.00 0.00 0.97 1.02 0.99  
0.40 0.20 0.20 0.20 0.00 0.00 0.00 1.05 1.01 1.05  
0.40 0.20 0.20 0.20 0.00 0.00 0.00 0.92 1.03 0.89  
0.40 0.20 0.20 0.20 0.00 0.00 0.00 0.71 0.71 0.66  
0.40 0.20 0.20 0.20 0.01 0.01 0.01 1.13 1.08 1.03  
0.40 0.20 0.20 0.20 0.00 0.00 0.00 1.14 1.12 1.20  
0.40 0.20 0.20 0.20 0.00 0.00 0.00 0.72 0.72 0.69  
0.40 0.20 0.20 0.20 0.00 0.00 0.00 1.12 1.05 1.06  
0.40 0.20 0.20 0.20 0.00 0.00 0.00 0.81 0.83 0.85  
0.40 0.20 0.20 0.20 0.00 0.00 0.00 0.94 0.94 0.90  
0.40 0.20 0.20 0.20 0.00 0.00 0.00 0.94 0.92 0.88  
0.40 0.20 0.20 0.20 0.00 0.01 0.01 0.98 0.94 0.89  
0.40 0.20 0.20 0.20 0.00 0.01 0.00 0.98 0.87 0.99  
0.40 0.20 0.20 0.20 0.00 0.00 0.00 1.18 1.13 1.10  
0.40 0.20 0.20 0.20 0.00 0.00 0.00 0.89 0.97 0.90  
0.40 0.20 0.20 0.20 0.00 0.00 0.00 0.90 0.91 0.88  
0.40 0.20 0.20 0.20 0.00 0.01 0.00 1.02 1.03 1.05  
0.40 0.20 0.20 0.20 0.00 0.00 0.00 1.07 1.02 1.13  
0.40 0.20 0.20 0.20 0.00 0.00 0.00 0.89 0.95 0.90  
0.40 0.20 0.20 0.20 0.00 0.00 0.00 0.81 0.79 0.78  
0.40 0.20 0.20 0.20 0.00 0.00 0.00 1.05 1.13 1.09  
0.40 0.20 0.20 0.20 0.01 0.00 0.00 0.88 0.84 0.86  
0.40 0.20 0.20 0.20 0.00 0.00 0.00 1.02 1.10 1.01  
0.40 0.20 0.20 0.20 0.00 0.00 0.00 1.05 1.07 1.07  
0.40 0.20 0.20 0.20 0.00 0.00 0.00 0.95 0.91 0.92  
0.40 0.20 0.20 0.20 0.00 0.00 0.00 0.98 0.97 0.99  
0.40 0.20 0.20 0.20 0.00 0.00 0.01 0.88 0.92 0.90  
0.40 0.20 0.20 0.20 0.00 0.00 0.00 1.03 1.02 0.94  
0.40 0.20 0.20 0.20 0.00 0.00 0.00 0.72 0.72 0.66  
0.40 0.20 0.20 0.20 0.00 0.00 0.00 0.98 1.00 1.04  
0.40 0.20 0.20 0.20 0.00 0.00 0.00 0.93 0.91 0.93  
0.40 0.20 0.20 0.20 0.00 0.00 0.00 1.18 1.23 1.16  
0.40 0.20 0.20 0.20 0.00 0.00 0.00 0.93 0.99 0.98  
0.40 0.20 0.20 0.20 0.00 0.00 0.00 0.79 0.80 0.75  
0.40 0.20 0.20 0.20 0.00 0.01 0.00 0.98 0.92 0.90  
0.40 0.20 0.20 0.20 0.00 0.00 0.00 1.01 1.05 1.06  
0.40 0.20 0.20 0.20 0.00 0.00 0.00 0.81 0.80 0.81  
0.40 0.20 0.20 0.20 0.00 0.00 0.00 1.17 1.12 1.15  
0.40 0.20 0.20 0.20 0.00 0.01 0.01 0.83 0.83 0.78  
0.40 0.20 0.20 0.20 0.00 0.00 0.00 0.89 0.97 0.90  
0.40 0.20 0.20 0.20 0.00 0.00 0.00 0.96 0.89 0.95  
0.40 0.20 0.20 0.20 0.00 0.00 0.00 1.03 0.92 0.94  
0.40 0.20 0.20 0.20 0.00 0.01 0.00 0.76 0.82 0.80  
0.40 0.20 0.20 0.20 0.00 0.00 0.00 0.94 0.86 0.87  
0.40 0.20 0.20 0.20 0.00 0.00 0.00 0.90 1.00 0.95  
0.40 0.20 0.20 0.20 0.00 0.00 0.00 0.89 0.88 0.83  
0.40 0.20 0.20 0.20 0.00 0.00 0.00 0.94 0.89 0.91  
0.40 0.20 0.20 0.20 0.00 0.00 0.00 1.26 1.21 1.13  
0.40 0.20 0.20 0.20 0.00 0.00 0.01 0.86 0.81 0.89  
0.40 0.20 0.20 0.20 0.00 0.00 0.00 0.90 0.93 0.90  
0.40 0.20 0.20 0.20 0.00 0.00 0.00 1.04 1.04 0.97  
0.40 0.20 0.20 0.20 0.00 0.00 0.00 0.90 0.95 0.95  
0.40 0.20 0.20 0.20 0.00 0.00 0.00 0.93 0.93 0.93  
0.40 0.20 0.20 0.20 0.00 0.00 0.00 0.86 0.90 0.90  
0.40 0.20 0.20 0.20 0.00 0.00 0.00 0.87 0.86 0.88  
0.40 0.20 0.20 0.20 0.00 0.00 0.00 1.05 1.00 1.02  
0.40 0.20 0.20 0.20 0.00 0.01 0.00 0.84 0.91 0.94  
0.40 0.20 0.20 0.20 0.00 0.00 0.00 0.81 0.81 0.84  
0.40 0.20 0.20 0.20 0.00 0.00 0.00 1.02 0.92 1.03  
0.40 0.20 0.20 0.20 0.00 0.00 0.00 0.93 0.90 0.97  
0.40 0.20 0.20 0.20 0.00 0.00 0.00 0.97 0.93 1.03  
0.40 0.20 0.20 0.20 0.00 0.00 0.00 1.09 1.04 1.02  
0.40 0.20 0.20 0.20 0.00 0.00 0.00 1.03 1.00 0.99  
0.40 0.20 0.20 0.20 0.00 0.00 0.00 0.90 0.89 0.84  
0.40 0.20 0.20 0.20 0.00 0.00 0.00 0.74 0.78 0.75  
0.40 0.20 0.20 0.20 0.00 0.00 0.00 1.04 1.02 1.08  
0.40 0.20 0.20 0.20 0.00 0.00 0.00 0.86 0.76 0.89  
0.40 0.20 0.20 0.20 0.00 0.00 0.00 0.78 0.79 0.82  
0.40 0.20 0.20 0.20 0.00 0.00 0.00 1.04 1.07 1.00  
0.40 0.20 0.20 0.20 0.00 0.00 0.00 0.75 0.81 0.77  
0.40 0.20 0.20 0.20 0.00 0.00 0.00 0.94 0.95 0.95  
0.40 0.20 0.20 0.20 0.00 0.00 0.00 0.98 1.01 1.04  
0.40 0.20 0.20 0.20 0.00 0.00 0.00 0.99 0.99 0.97  
0.40 0.20 0.20 0.20 0.00 0.00 0.01 0.91 0.97 0.89  
0.40 0.20 0.20 0.20 0.00 0.00 0.00 0.81 0.85 0.81  
0.40 0.20 0.20 0.20 0.00 0.00 0.00 0.83 0.81 0.90  
0.40 0.20 0.20 0.20 0.00 0.00 0.00 1.05 1.06 1.05  
0.40 0.20 0.20 0.20 0.00 0.00 0.00 0.89 0.87 0.91  
0.40 0.20 0.20 0.20 0.00 0.00 0.00 0.99 1.05 1.01  
0.40 0.20 0.20 0.20 0.00 0.00 0.00 0.93 0.89 0.91  
0.40 0.20 0.20 0.20 0.00 0.00 0.00 1.05 1.02 1.05  
0.40 0.20 0.20 0.20 0.00 0.00 0.00 0.94 0.95 0.97  
0.40 0.20 0.20 0.20 0.00 0.00 0.00 0.87 0.84 0.82  
0.40 0.20 0.20 0.20 0.00 0.00 0.00 0.88 0.85 0.81  
0.40 0.20 0.20 0.20 0.00 0.00 0.00 1.10 1.11 1.10  
0.40 0.20 0.20 0.20 0.00 0.00 0.00 0.84 0.77 0.91  
0.40 0.20 0.20 0.20 0.00 0.00 0.00 0.79 0.77 0.72  
0.40 0.20 0.20 0.20 0.00 0.00 0.00 1.03 0.93 0.93  
0.40 0.20 0.20 0.20 0.01 0.00 0.00 1.03 1.07 1.04  
0.40 0.20 0.20 0.20 0.00 0.00 0.00 0.82 0.85 0.84  
0.40 0.20 0.20 0.20 0.00 0.00 0.00 0.80 0.84 0.80  
0.40 0.20 0.20 0.20 0.00 0.00 0.00 0.92 1.01 0.93  
0.40 0.20 0.20 0.20 0.00 0.00 0.00 0.86 0.92 0.88  
0.40 0.20 0.20 0.20 0.00 0.00 0.00 1.15 1.21 1.16  
0.40 0.20 0.20 0.20 0.00 0.00 0.00 0.89 0.90 0.94  
0.40 0.20 0.20 0.20 0.00 0.00 0.00 0.97 0.95 0.93  
0.40 0.20 0.20 0.20 0.00 0.00 0.01 1.03 0.85 0.90  
0.40 0.20 0.20 0.20 0.00 0.00 0.00 0.90 0.94 0.93  
0.40 0.20 0.20 0.20 0.00 0.00 0.00 0.87 0.96 0.90  
0.40 0.20 0.20 0.20 0.01 0.00 0.00 1.03 0.98 0.98  
0.40 0.20 0.20 0.20 0.00 0.00 0.00 1.11 1.16 1.20  
0.40 0.20 0.20 0.20 0.00 0.00 0.00 1.04 0.99 0.98  
0.40 0.20 0.20 0.20 0.00 0.00 0.00 0.93 0.91 0.89  
0.40 0.20 0.20 0.20 0.00 0.00 0.00 0.84 0.84 0.81  
0.40 0.20 0.20 0.20 0.00 0.00 0.00 1.02 0.99 1.03  
0.40 0.20 0.20 0.20 0.00 0.00 0.00 0.79 0.76 0.88  
0.40 0.20 0.20 0.20 0.00 0.00 0.00 0.84 0.82 0.79  
0.40 0.20 0.20 0.20 0.00 0.00 0.00 1.01 1.02 1.01  
0.40 0.20 0.20 0.20 0.00 0.00 0.00 0.86 0.87 0.86  
0.40 0.20 0.20 0.20 0.00 0.00 0.00 1.00 0.91 0.91  
0.40 0.20 0.20 0.20 0.00 0.00 0.00 0.95 0.97 0.89  
0.40 0.20 0.20 0.20 0.00 0.00 0.00 0.95 0.88 0.89  
0.40 0.20 0.20 0.20 0.00 0.00 0.00 1.06 1.03 1.06  
0.40 0.20 0.20 0.20 0.00 0.00 0.00 0.95 0.88 0.88  
0.40 0.20 0.20 0.20 0.00 0.00 0.00 0.69 0.68 0.70  
0.40 0.20 0.20 0.20 0.00 0.00 0.00 1.19 1.16 1.17  
0.40 0.20 0.20 0.20 0.00 0.00 0.00 1.08 1.01 1.11  
0.40 0.20 0.20 0.20 0.00 0.00 0.00 0.79 0.83 0.82  
0.40 0.20 0.20 0.20 0.00 0.00 0.00 0.83 0.81 0.93  
0.40 0.20 0.20 0.20 0.00 0.00 0.00 1.04 1.03 1.06  
0.40 0.20 0.20 0.20 0.00 0.00 0.00 0.90 0.99 0.91  
0.40 0.20 0.20 0.20 0.00 0.00 0.00 0.93 0.97 0.95  
0.40 0.20 0.20 0.20 0.00 0.00 0.00 0.88 0.91 0.85  
0.40 0.20 0.20 0.20 0.00 0.00 0.00 0.88 0.95 0.92  
0.40 0.20 0.20 0.20 0.00 0.00 0.00 0.97 0.97 0.95  
0.40 0.20 0.20 0.20 0.00 0.00 0.00 1.02 1.00 0.99  
0.40 0.20 0.20 0.20 0.00 0.00 0.00 0.84 0.84 0.83  
0.40 0.20 0.20 0.20 0.00 0.00 0.00 0.96 1.04 0.99  
0.40 0.20 0.20 0.20 0.00 0.00 0.00 0.75 0.84 0.81  
0.40 0.20 0.20 0.20 0.00 0.01 0.00 0.96 0.88 0.90  
0.40 0.20 0.20 0.20 0.00 0.00 0.00 0.90 0.91 0.89  
0.40 0.20 0.20 0.20 0.00 0.00 0.00 0.83 0.93 0.87  
0.40 0.20 0.20 0.20 0.00 0.00 0.00 1.13 1.06 1.10  
0.40 0.20 0.20 0.20 0.00 0.00 0.00 0.91 0.94 0.96  
0.40 0.20 0.20 0.20 0.00 0.00 0.00 0.92 0.93 0.88  
0.40 0.20 0.20 0.20 0.00 0.00 0.00 0.90 1.00 0.92  
0.40 0.20 0.20 0.20 0.00 0.00 0.00 0.93 0.83 0.90  
0.40 0.20 0.20 0.20 0.00 0.00 0.01 0.89 0.85 0.91  
0.40 0.20 0.20 0.20 0.00 0.00 0.00 0.93 0.91 0.91  
0.40 0.20 0.20 0.20 0.00 0.00 0.00 0.98 0.92 0.92  
0.40 0.20 0.20 0.20 0.00 0.01 0.00 0.94 0.96 1.01  
0.40 0.20 0.20 0.20 0.00 0.00 0.00 1.01 0.97 1.05  
0.40 0.20 0.20 0.20 0.01 0.00 0.00 0.96 0.96 0.87  
0.40 0.20 0.20 0.20 0.00 0.00 0.00 1.03 1.02 0.97  
0.40 0.20 0.20 0.20 0.00 0.00 0.00 0.94 0.92 0.99  
0.40 0.20 0.20 0.20 0.00 0.00 0.00 1.15 1.16 1.09  
0.40 0.20 0.20 0.20 0.00 0.00 0.00 1.09 1.14 1.14  
0.40 0.20 0.20 0.20 0.00 0.00 0.00 0.71 0.75 0.75  
0.40 0.20 0.20 0.20 0.00 0.01 0.00 0.73 0.76 0.71  
0.40 0.20 0.20 0.20 0.00 0.00 0.00 1.07 1.12 1.04  
0.40 0.20 0.20 0.20 0.00 0.00 0.01 0.95 0.92 0.93  
0.40 0.20 0.20 0.20 0.00 0.00 0.00 0.87 0.82 0.88  
0.40 0.20 0.20 0.20 0.01 0.00 0.00 0.80 0.78 0.84  
