0.23 0.25 0.29 0.23 1.90 1.96 2.05 2.13 2.03 1.96  
0.23 0.24 0.28 0.24 1.16 1.86 1.10 1.42 1.38 1.48  
0.24 0.26 0.26 0.24 0.92 1.32 0.90 1.20 1.32 1.25  
0.28 0.23 0.26 0.23 0.89 0.89 0.79 1.28 1.28 1.23  
0.27 0.25 0.23 0.24 0.77 0.77 0.64 1.18 1.31 1.25  
0.31 0.23 0.23 0.23 0.52 0.72 0.59 0.93 0.90 0.98  
0.30 0.24 0.23 0.23 0.44 0.83 0.68 1.12 1.11 1.13  
0.29 0.24 0.25 0.23 0.53 0.79 0.46 1.04 1.03 1.15  
0.27 0.24 0.26 0.23 0.48 0.54 0.46 1.23 1.24 1.28  
0.26 0.23 0.27 0.23 0.59 0.31 0.40 1.13 1.11 1.23  
0.25 0.24 0.28 0.23 0.46 0.38 0.45 1.34 1.35 1.38  
0.24 0.22 0.30 0.23 0.65 0.51 0.49 1.13 1.11 1.15  
0.23 0.25 0.28 0.23 1.22 0.66 0.37 1.15 1.04 1.04  
0.23 0.28 0.25 0.24 0.42 0.22 0.38 1.36 1.32 1.20  
0.24 0.29 0.23 0.23 0.48 0.41 0.41 1.22 1.12 1.14  
0.23 0.34 0.21 0.22 0.65 0.26 0.37 1.04 1.04 1.05  
0.23 0.34 0.21 0.22 0.31 0.43 0.20 0.92 0.90 0.89  
