0.24 0.26 0.25 0.24 1.90 1.96 2.05 2.13 2.03 1.96  
0.24 0.22 0.30 0.24 1.16 1.86 1.10 1.42 1.38 1.50  
0.26 0.23 0.27 0.24 0.92 1.31 0.90 1.20 1.32 1.24  
0.29 0.21 0.26 0.23 0.89 0.89 0.79 1.30 1.31 1.27  
0.33 0.21 0.23 0.23 0.76 0.81 0.64 1.19 1.33 1.27  
0.36 0.21 0.21 0.22 0.51 0.70 0.58 0.96 0.92 0.99  
0.37 0.21 0.21 0.22 0.44 0.82 0.72 1.12 1.12 1.13  
0.36 0.21 0.21 0.22 0.53 0.77 0.44 1.03 1.02 1.14  
0.36 0.21 0.21 0.22 0.47 0.57 0.45 1.23 1.25 1.29  
0.34 0.21 0.23 0.22 0.60 0.31 0.40 1.16 1.12 1.27  
0.33 0.21 0.24 0.23 0.44 0.42 0.47 1.36 1.35 1.40  
0.35 0.20 0.23 0.22 0.63 0.58 0.51 1.13 1.14 1.22  
0.35 0.20 0.23 0.22 1.18 0.69 0.37 1.20 1.09 1.09  
0.36 0.20 0.22 0.22 0.40 0.23 0.39 1.32 1.29 1.16  
0.36 0.20 0.22 0.22 0.48 0.41 0.42 1.21 1.14 1.14  
0.35 0.21 0.22 0.22 0.70 0.26 0.37 1.01 1.00 1.04  
0.35 0.21 0.22 0.22 0.31 0.42 0.17 0.95 0.88 0.86  
