0.26 0.25 0.27 0.23 2.40 2.42 2.36 2.40 2.40 2.33 2.31 2.30 
0.22 0.32 0.23 0.23 2.32 2.30 2.33 1.43 2.14 2.11 2.08 2.07 
0.22 0.27 0.29 0.22 2.17 2.27 2.22 1.03 1.99 2.02 2.02 1.98 
0.25 0.25 0.29 0.21 2.21 2.15 2.14 0.73 1.96 1.91 1.96 1.98 
0.31 0.24 0.24 0.21 2.11 2.21 2.13 0.80 1.90 1.85 1.82 1.83 
0.23 0.21 0.36 0.20 2.03 2.28 2.08 0.62 1.86 1.82 1.81 1.77 
0.25 0.24 0.31 0.20 2.00 2.18 1.99 0.55 1.76 1.71 1.74 1.69 
0.36 0.21 0.23 0.20 1.97 2.18 1.90 0.40 1.70 1.71 1.71 1.69 
0.31 0.21 0.28 0.20 1.98 2.18 1.86 0.48 1.76 1.71 1.71 1.74 
0.28 0.24 0.28 0.20 1.87 2.06 1.80 0.44 1.63 1.60 1.59 1.55 
0.30 0.23 0.27 0.20 1.79 1.98 1.78 0.43 1.56 1.52 1.48 1.52 
0.31 0.23 0.26 0.20 1.72 2.14 1.68 0.34 1.52 1.55 1.54 1.56 
0.27 0.31 0.22 0.20 1.74 1.99 1.56 0.33 1.49 1.46 1.43 1.45 
0.26 0.23 0.31 0.20 1.63 2.04 1.64 0.33 1.40 1.37 1.41 1.43 
0.22 0.20 0.38 0.20 1.60 1.91 1.52 0.33 1.41 1.38 1.40 1.35 
0.21 0.20 0.39 0.20 1.41 1.94 1.37 0.35 1.45 1.45 1.44 1.42 
0.25 0.20 0.35 0.20 1.44 1.88 1.47 0.30 1.30 1.28 1.31 1.25 
0.23 0.20 0.37 0.20 1.39 1.78 1.32 0.22 1.32 1.28 1.32 1.29 
0.24 0.20 0.36 0.20 1.35 1.70 1.28 0.25 1.29 1.28 1.29 1.25 
0.26 0.20 0.34 0.20 1.34 1.82 1.18 0.31 1.27 1.23 1.26 1.23 
0.24 0.20 0.36 0.20 1.42 1.73 1.13 0.24 1.15 1.13 1.11 1.10 
0.23 0.20 0.37 0.20 1.28 1.65 1.08 0.23 1.12 1.08 1.09 1.08 
0.20 0.20 0.40 0.20 1.26 1.54 1.01 0.24 1.12 1.09 1.13 1.06 
0.20 0.20 0.40 0.20 1.31 1.73 1.00 0.29 1.06 1.02 1.05 1.03 
0.20 0.20 0.40 0.20 1.31 1.62 0.87 0.18 1.06 1.07 1.08 1.05 
0.32 0.20 0.28 0.20 1.12 1.50 0.87 0.20 1.09 1.02 1.01 1.04 
0.33 0.20 0.27 0.20 1.20 1.63 0.77 0.16 1.12 1.07 1.11 1.08 
0.39 0.20 0.21 0.20 1.04 1.53 0.98 0.18 1.01 1.01 1.02 1.02 
0.37 0.20 0.23 0.20 1.13 1.46 0.92 0.16 1.03 1.03 1.01 1.03 
0.25 0.20 0.35 0.20 0.96 1.52 0.99 0.14 1.04 1.02 0.98 1.01 
0.21 0.20 0.39 0.20 0.95 1.60 0.77 0.18 0.87 0.85 0.90 0.86 
0.21 0.20 0.39 0.20 1.06 1.34 0.70 0.13 0.99 0.96 0.95 0.97 
0.20 0.20 0.40 0.20 1.13 1.39 0.68 0.16 0.88 0.92 0.95 0.90 
0.20 0.20 0.40 0.20 0.98 1.31 0.72 0.18 0.95 0.96 0.96 0.94 
0.20 0.20 0.40 0.20 1.10 1.35 0.69 0.14 0.89 0.94 0.92 0.90 
0.20 0.20 0.40 0.20 0.88 1.27 0.67 0.14 0.86 0.83 0.87 0.83 
0.20 0.20 0.40 0.20 0.80 1.52 0.73 0.11 0.91 0.87 0.88 0.83 
0.20 0.20 0.40 0.20 0.84 1.21 0.67 0.18 0.92 0.91 0.89 0.90 
0.20 0.20 0.40 0.20 0.89 1.17 0.74 0.11 0.85 0.83 0.85 0.81 
0.20 0.20 0.40 0.20 0.85 1.13 0.74 0.18 0.83 0.86 0.83 0.84 
0.20 0.20 0.40 0.20 0.89 1.20 0.71 0.13 0.89 0.85 0.82 0.79 
0.20 0.20 0.40 0.20 0.93 1.06 0.60 0.12 0.78 0.80 0.75 0.76 
0.20 0.20 0.40 0.20 0.86 1.25 0.62 0.13 0.75 0.73 0.76 0.75 
0.20 0.20 0.40 0.20 0.68 1.16 0.61 0.13 0.71 0.69 0.70 0.67 
0.20 0.21 0.39 0.20 0.74 1.02 0.52 0.20 0.70 0.73 0.67 0.71 
0.20 0.20 0.40 0.20 0.82 1.09 0.54 0.15 0.81 0.81 0.77 0.79 
0.20 0.20 0.40 0.20 0.70 1.25 0.52 0.12 0.84 0.83 0.85 0.84 
0.20 0.20 0.40 0.20 0.67 1.07 0.59 0.13 0.82 0.81 0.83 0.83 
0.20 0.20 0.40 0.20 0.70 1.08 0.49 0.16 0.73 0.70 0.75 0.77 
0.20 0.20 0.40 0.20 0.65 0.98 0.59 0.11 0.78 0.77 0.77 0.78 
0.20 0.20 0.40 0.20 0.70 1.05 0.59 0.12 0.72 0.75 0.75 0.73 
0.20 0.20 0.40 0.20 0.70 0.90 0.51 0.14 0.62 0.65 0.65 0.65 
0.20 0.20 0.40 0.20 0.66 0.99 0.50 0.17 0.81 0.79 0.82 0.77 
0.20 0.20 0.40 0.20 0.64 0.94 0.47 0.09 0.76 0.78 0.78 0.82 
0.20 0.20 0.40 0.20 0.58 0.93 0.50 0.11 0.73 0.74 0.71 0.69 
0.20 0.20 0.40 0.20 0.71 0.99 0.47 0.09 0.63 0.66 0.67 0.67 
0.20 0.20 0.40 0.20 0.61 1.04 0.41 0.10 0.66 0.67 0.68 0.66 
0.20 0.20 0.40 0.20 0.57 0.82 0.53 0.08 0.61 0.60 0.60 0.61 
0.20 0.20 0.40 0.20 0.56 0.94 0.50 0.08 0.77 0.79 0.79 0.78 
0.20 0.20 0.40 0.20 0.56 0.88 0.43 0.11 0.77 0.76 0.73 0.75 
0.20 0.20 0.40 0.20 0.64 0.90 0.50 0.09 0.74 0.77 0.74 0.77 
0.20 0.20 0.40 0.20 0.46 1.00 0.43 0.10 0.71 0.71 0.67 0.69 
0.20 0.20 0.40 0.20 0.54 1.16 0.45 0.11 0.62 0.64 0.62 0.61 
0.20 0.20 0.40 0.20 0.64 0.95 0.38 0.09 0.72 0.72 0.71 0.70 
0.20 0.20 0.40 0.20 0.50 1.01 0.46 0.08 0.57 0.58 0.59 0.57 
0.20 0.20 0.40 0.20 0.52 1.26 0.52 0.08 0.68 0.66 0.66 0.66 
0.20 0.20 0.40 0.20 0.59 0.91 0.54 0.11 0.64 0.62 0.66 0.66 
0.20 0.20 0.40 0.20 0.58 0.89 0.48 0.08 0.61 0.63 0.59 0.60 
0.21 0.20 0.39 0.20 0.52 0.93 0.33 0.12 0.59 0.61 0.59 0.57 
0.21 0.20 0.39 0.20 0.53 0.84 0.40 0.08 0.63 0.66 0.66 0.66 
0.25 0.20 0.35 0.20 0.43 0.76 0.54 0.08 0.60 0.56 0.58 0.54 
0.28 0.20 0.32 0.20 0.47 0.91 0.57 0.09 0.65 0.59 0.61 0.63 
0.31 0.20 0.29 0.20 0.46 0.85 0.41 0.08 0.56 0.59 0.61 0.59 
0.26 0.20 0.34 0.20 0.52 0.88 0.48 0.13 0.71 0.69 0.70 0.68 
0.38 0.20 0.22 0.20 0.47 0.94 0.47 0.09 0.58 0.59 0.63 0.59 
0.39 0.20 0.21 0.20 0.41 0.80 0.38 0.08 0.65 0.63 0.64 0.60 
0.40 0.20 0.20 0.20 0.53 0.82 0.42 0.11 0.62 0.64 0.63 0.64 
0.40 0.20 0.20 0.20 0.45 0.92 0.39 0.12 0.58 0.60 0.58 0.57 
0.39 0.20 0.21 0.20 0.57 0.83 0.45 0.07 0.56 0.59 0.56 0.59 
0.39 0.20 0.21 0.20 0.53 0.86 0.49 0.07 0.55 0.56 0.54 0.56 
0.37 0.20 0.23 0.20 0.65 0.77 0.50 0.10 0.51 0.51 0.51 0.54 
0.34 0.20 0.26 0.20 0.57 0.77 0.47 0.11 0.51 0.56 0.53 0.55 
0.26 0.20 0.34 0.20 0.42 0.75 0.28 0.05 0.53 0.52 0.51 0.51 
0.36 0.20 0.24 0.20 0.47 0.85 0.52 0.07 0.56 0.57 0.57 0.56 
0.40 0.20 0.20 0.20 0.48 0.70 0.42 0.08 0.58 0.57 0.59 0.58 
0.40 0.20 0.20 0.20 0.50 0.82 0.42 0.05 0.50 0.49 0.50 0.52 
0.40 0.20 0.20 0.20 0.33 0.62 0.36 0.07 0.59 0.56 0.55 0.58 
0.40 0.20 0.20 0.20 0.34 0.69 0.43 0.05 0.58 0.53 0.57 0.54 
0.40 0.20 0.20 0.20 0.40 0.67 0.56 0.08 0.64 0.64 0.61 0.59 
0.40 0.20 0.20 0.20 0.47 0.71 0.49 0.06 0.55 0.56 0.57 0.56 
0.40 0.20 0.20 0.20 0.53 0.73 0.40 0.07 0.51 0.52 0.51 0.50 
0.40 0.20 0.20 0.20 0.40 0.65 0.39 0.07 0.62 0.62 0.61 0.61 
0.40 0.20 0.20 0.20 0.39 0.69 0.42 0.06 0.68 0.67 0.66 0.66 
0.40 0.20 0.20 0.20 0.41 0.74 0.36 0.06 0.51 0.52 0.50 0.48 
0.40 0.20 0.20 0.20 0.44 0.78 0.31 0.04 0.61 0.57 0.58 0.58 
0.40 0.20 0.20 0.20 0.38 0.68 0.24 0.08 0.44 0.44 0.47 0.44 
0.39 0.21 0.20 0.20 0.35 0.72 0.47 0.05 0.54 0.56 0.55 0.52 
0.37 0.23 0.20 0.20 0.38 0.69 0.34 0.11 0.51 0.52 0.50 0.50 
0.39 0.21 0.20 0.20 0.32 0.63 0.24 0.07 0.50 0.53 0.53 0.53 
0.38 0.22 0.20 0.20 0.36 0.65 0.42 0.10 0.50 0.54 0.54 0.55 
0.21 0.39 0.20 0.20 0.31 0.78 0.32 0.12 0.57 0.58 0.56 0.60 
0.20 0.40 0.20 0.20 0.37 0.65 0.33 0.06 0.61 0.61 0.54 0.56 
0.20 0.40 0.20 0.20 0.28 0.66 0.31 0.07 0.47 0.47 0.46 0.49 
0.20 0.40 0.20 0.20 0.39 0.74 0.35 0.09 0.60 0.60 0.57 0.59 
0.20 0.40 0.20 0.20 0.35 0.68 0.33 0.04 0.49 0.45 0.47 0.48 
0.20 0.40 0.20 0.20 0.37 0.71 0.34 0.12 0.59 0.59 0.62 0.56 
0.20 0.40 0.20 0.20 0.32 0.67 0.34 0.04 0.48 0.48 0.51 0.48 
0.20 0.40 0.20 0.20 0.31 0.79 0.46 0.06 0.50 0.46 0.47 0.49 
0.20 0.40 0.20 0.20 0.30 0.59 0.27 0.07 0.58 0.60 0.62 0.58 
0.20 0.40 0.20 0.20 0.34 0.74 0.40 0.07 0.47 0.46 0.45 0.46 
0.20 0.40 0.20 0.20 0.31 0.59 0.31 0.08 0.48 0.48 0.48 0.45 
0.20 0.40 0.20 0.20 0.26 0.66 0.26 0.11 0.47 0.48 0.46 0.49 
0.20 0.40 0.20 0.20 0.26 0.56 0.38 0.10 0.52 0.49 0.55 0.53 
0.20 0.40 0.20 0.20 0.34 0.68 0.24 0.08 0.61 0.61 0.59 0.61 
0.20 0.40 0.20 0.20 0.34 0.69 0.29 0.06 0.41 0.40 0.38 0.38 
0.20 0.40 0.20 0.20 0.40 0.71 0.23 0.07 0.46 0.45 0.45 0.47 
0.21 0.39 0.20 0.20 0.31 0.52 0.27 0.07 0.51 0.50 0.49 0.49 
0.20 0.40 0.20 0.20 0.26 0.60 0.31 0.08 0.44 0.45 0.46 0.43 
0.20 0.40 0.20 0.20 0.34 0.60 0.31 0.06 0.45 0.45 0.45 0.45 
0.21 0.39 0.20 0.20 0.30 0.59 0.31 0.06 0.57 0.55 0.56 0.56 
0.23 0.37 0.20 0.20 0.37 0.52 0.20 0.02 0.38 0.38 0.38 0.38 
0.22 0.38 0.20 0.20 0.33 0.49 0.30 0.08 0.44 0.44 0.45 0.42 
0.23 0.37 0.20 0.20 0.30 0.56 0.36 0.07 0.52 0.47 0.52 0.51 
0.35 0.25 0.20 0.20 0.25 0.71 0.34 0.08 0.50 0.48 0.49 0.48 
0.38 0.22 0.20 0.20 0.27 0.65 0.24 0.12 0.48 0.48 0.45 0.47 
0.40 0.20 0.20 0.20 0.29 0.64 0.29 0.09 0.48 0.49 0.51 0.53 
0.40 0.20 0.20 0.20 0.30 0.61 0.25 0.08 0.38 0.36 0.38 0.36 
0.40 0.20 0.20 0.20 0.30 0.79 0.43 0.04 0.47 0.47 0.45 0.49 
0.40 0.20 0.20 0.20 0.29 0.51 0.26 0.07 0.52 0.48 0.48 0.46 
0.34 0.26 0.20 0.20 0.37 0.65 0.22 0.07 0.40 0.42 0.45 0.45 
0.23 0.37 0.20 0.20 0.26 0.75 0.36 0.05 0.39 0.39 0.38 0.39 
0.26 0.34 0.20 0.20 0.32 0.67 0.34 0.05 0.53 0.53 0.54 0.50 
0.20 0.40 0.20 0.20 0.34 0.56 0.32 0.07 0.64 0.62 0.60 0.64 
0.20 0.40 0.20 0.20 0.37 0.56 0.35 0.03 0.48 0.48 0.48 0.43 
0.20 0.40 0.20 0.20 0.22 0.70 0.24 0.07 0.41 0.40 0.40 0.40 
0.20 0.40 0.20 0.20 0.38 0.58 0.32 0.03 0.55 0.56 0.51 0.55 
0.21 0.39 0.20 0.20 0.31 0.80 0.32 0.03 0.56 0.56 0.53 0.54 
0.22 0.38 0.20 0.20 0.32 0.60 0.31 0.05 0.40 0.37 0.42 0.41 
0.21 0.39 0.20 0.20 0.30 0.76 0.38 0.05 0.54 0.52 0.52 0.52 
0.20 0.39 0.20 0.21 0.30 0.73 0.38 0.06 0.47 0.47 0.53 0.49 
0.20 0.39 0.20 0.21 0.39 0.56 0.28 0.08 0.43 0.38 0.42 0.38 
0.20 0.34 0.20 0.26 0.37 0.71 0.25 0.07 0.45 0.44 0.43 0.42 
0.20 0.23 0.20 0.37 0.38 0.48 0.25 0.05 0.48 0.47 0.48 0.47 
0.20 0.23 0.20 0.37 0.39 0.59 0.22 0.04 0.48 0.46 0.45 0.45 
0.20 0.31 0.20 0.29 0.29 0.70 0.26 0.05 0.52 0.49 0.51 0.52 
0.20 0.21 0.20 0.39 0.32 0.51 0.25 0.05 0.49 0.50 0.47 0.52 
0.20 0.21 0.20 0.39 0.30 0.50 0.29 0.05 0.40 0.39 0.38 0.37 
0.20 0.20 0.20 0.40 0.33 0.54 0.22 0.05 0.44 0.43 0.43 0.47 
0.20 0.20 0.20 0.40 0.28 0.49 0.32 0.04 0.55 0.57 0.54 0.55 
0.20 0.20 0.20 0.40 0.26 0.54 0.27 0.02 0.40 0.39 0.42 0.41 
0.20 0.20 0.20 0.39 0.21 0.72 0.35 0.05 0.47 0.47 0.47 0.46 
0.20 0.20 0.20 0.40 0.30 0.58 0.33 0.05 0.37 0.37 0.39 0.36 
0.20 0.20 0.20 0.40 0.30 0.68 0.21 0.06 0.42 0.41 0.36 0.38 
0.20 0.20 0.20 0.40 0.24 0.51 0.32 0.07 0.43 0.49 0.43 0.46 
0.20 0.20 0.20 0.40 0.35 0.69 0.28 0.07 0.35 0.36 0.37 0.37 
0.20 0.21 0.20 0.39 0.29 0.61 0.29 0.06 0.38 0.41 0.37 0.35 
0.20 0.20 0.20 0.40 0.28 0.60 0.29 0.03 0.50 0.49 0.50 0.50 
0.20 0.20 0.20 0.40 0.35 0.64 0.29 0.05 0.41 0.43 0.40 0.41 
0.20 0.21 0.20 0.39 0.16 0.64 0.27 0.06 0.48 0.50 0.51 0.51 
0.20 0.21 0.20 0.39 0.25 0.48 0.27 0.03 0.48 0.46 0.48 0.48 
0.20 0.20 0.20 0.40 0.24 0.72 0.38 0.05 0.54 0.52 0.55 0.53 
0.20 0.20 0.20 0.40 0.28 0.52 0.30 0.07 0.49 0.46 0.47 0.48 
0.20 0.20 0.20 0.40 0.28 0.57 0.29 0.03 0.38 0.40 0.37 0.39 
0.20 0.20 0.20 0.40 0.23 0.45 0.21 0.05 0.44 0.44 0.46 0.41 
0.20 0.20 0.20 0.40 0.27 0.69 0.35 0.03 0.43 0.42 0.42 0.40 
0.20 0.20 0.20 0.40 0.27 0.61 0.19 0.03 0.49 0.49 0.45 0.47 
0.20 0.26 0.20 0.34 0.40 0.61 0.26 0.03 0.34 0.36 0.35 0.37 
0.20 0.28 0.20 0.32 0.35 0.57 0.18 0.04 0.49 0.51 0.49 0.52 
0.20 0.31 0.20 0.29 0.34 0.76 0.28 0.05 0.41 0.40 0.41 0.43 
0.20 0.26 0.20 0.34 0.32 0.56 0.35 0.07 0.42 0.38 0.39 0.39 
0.20 0.22 0.20 0.38 0.33 0.46 0.30 0.05 0.58 0.57 0.61 0.58 
0.20 0.25 0.20 0.35 0.24 0.73 0.25 0.05 0.40 0.42 0.41 0.41 
0.20 0.26 0.20 0.34 0.23 0.42 0.24 0.04 0.37 0.37 0.36 0.37 
0.20 0.22 0.20 0.38 0.31 0.57 0.31 0.05 0.38 0.39 0.41 0.40 
0.20 0.22 0.20 0.38 0.35 0.45 0.27 0.04 0.63 0.60 0.60 0.59 
0.20 0.20 0.20 0.40 0.26 0.63 0.26 0.03 0.56 0.57 0.60 0.56 
0.20 0.20 0.20 0.40 0.26 0.52 0.23 0.04 0.51 0.49 0.48 0.52 
0.20 0.20 0.20 0.40 0.34 0.40 0.29 0.04 0.38 0.42 0.44 0.40 
0.20 0.20 0.20 0.40 0.29 0.59 0.15 0.02 0.46 0.51 0.48 0.49 
0.20 0.20 0.20 0.40 0.28 0.46 0.26 0.04 0.36 0.38 0.34 0.33 
0.20 0.20 0.20 0.40 0.26 0.70 0.24 0.03 0.46 0.49 0.49 0.53 
0.20 0.20 0.20 0.40 0.18 0.61 0.23 0.05 0.44 0.47 0.47 0.47 
0.20 0.20 0.20 0.40 0.27 0.81 0.22 0.07 0.41 0.35 0.38 0.36 
0.22 0.21 0.20 0.37 0.32 0.74 0.18 0.04 0.52 0.52 0.52 0.51 
0.39 0.20 0.20 0.21 0.34 0.46 0.34 0.06 0.50 0.51 0.49 0.48 
0.39 0.20 0.20 0.21 0.31 0.48 0.38 0.02 0.37 0.38 0.38 0.37 
0.40 0.20 0.20 0.20 0.32 0.52 0.31 0.05 0.47 0.45 0.43 0.44 
0.40 0.20 0.20 0.20 0.30 0.40 0.25 0.04 0.33 0.34 0.31 0.33 
0.40 0.20 0.20 0.20 0.12 0.54 0.31 0.02 0.50 0.46 0.46 0.47 
0.40 0.20 0.20 0.20 0.27 0.76 0.30 0.03 0.35 0.34 0.32 0.36 
0.40 0.20 0.20 0.20 0.27 0.60 0.39 0.06 0.34 0.34 0.33 0.32 
0.40 0.20 0.20 0.20 0.19 0.53 0.23 0.02 0.50 0.47 0.51 0.49 
0.31 0.20 0.20 0.29 0.29 0.53 0.19 0.05 0.36 0.38 0.36 0.37 
0.25 0.20 0.20 0.35 0.24 0.55 0.18 0.02 0.41 0.42 0.43 0.43 
0.21 0.20 0.20 0.39 0.17 0.45 0.34 0.04 0.40 0.42 0.36 0.40 
0.21 0.20 0.20 0.39 0.22 0.47 0.23 0.10 0.34 0.37 0.36 0.35 
0.23 0.20 0.20 0.37 0.25 0.51 0.22 0.05 0.42 0.44 0.44 0.45 
0.25 0.20 0.20 0.35 0.35 0.49 0.22 0.05 0.52 0.55 0.50 0.50 
0.22 0.20 0.20 0.38 0.32 0.44 0.17 0.04 0.39 0.37 0.39 0.38 
0.21 0.20 0.20 0.39 0.21 0.46 0.18 0.07 0.43 0.39 0.41 0.40 
0.21 0.20 0.20 0.39 0.19 0.34 0.13 0.04 0.44 0.44 0.41 0.45 
0.26 0.20 0.20 0.34 0.22 0.55 0.20 0.04 0.45 0.45 0.47 0.49 
0.31 0.20 0.20 0.29 0.29 0.57 0.21 0.02 0.43 0.42 0.43 0.44 
0.26 0.20 0.20 0.34 0.21 0.54 0.18 0.03 0.40 0.41 0.39 0.38 
0.38 0.20 0.20 0.22 0.27 0.45 0.23 0.04 0.40 0.38 0.38 0.40 
0.40 0.20 0.20 0.20 0.21 0.62 0.28 0.04 0.49 0.48 0.49 0.52 
0.40 0.20 0.20 0.20 0.16 0.48 0.17 0.13 0.44 0.44 0.42 0.43 
0.40 0.20 0.20 0.20 0.16 0.52 0.23 0.05 0.33 0.31 0.32 0.32 
0.38 0.20 0.20 0.22 0.18 0.64 0.26 0.04 0.46 0.47 0.52 0.49 
0.29 0.20 0.20 0.31 0.27 0.52 0.18 0.03 0.48 0.49 0.49 0.49 
0.22 0.20 0.20 0.38 0.22 0.51 0.17 0.06 0.49 0.48 0.50 0.51 
0.21 0.20 0.20 0.39 0.24 0.47 0.21 0.06 0.38 0.38 0.37 0.37 
0.32 0.20 0.20 0.28 0.17 0.39 0.14 0.08 0.48 0.49 0.47 0.47 
0.30 0.20 0.20 0.30 0.19 0.37 0.25 0.06 0.45 0.48 0.48 0.46 
0.30 0.20 0.20 0.30 0.19 0.43 0.31 0.03 0.44 0.40 0.45 0.44 
0.39 0.20 0.20 0.21 0.21 0.48 0.21 0.04 0.32 0.30 0.32 0.32 
0.39 0.20 0.20 0.21 0.17 0.62 0.30 0.03 0.38 0.38 0.38 0.39 
0.25 0.20 0.20 0.35 0.19 0.42 0.14 0.05 0.37 0.36 0.35 0.35 
0.21 0.20 0.20 0.39 0.25 0.65 0.23 0.05 0.40 0.44 0.43 0.41 
0.21 0.20 0.20 0.39 0.23 0.60 0.25 0.02 0.37 0.36 0.41 0.39 
0.20 0.20 0.20 0.40 0.14 0.50 0.19 0.03 0.34 0.31 0.33 0.34 
0.20 0.20 0.20 0.40 0.31 0.60 0.17 0.04 0.36 0.33 0.34 0.35 
0.20 0.20 0.20 0.40 0.18 0.44 0.21 0.05 0.35 0.36 0.33 0.35 
0.20 0.20 0.20 0.40 0.26 0.43 0.17 0.03 0.44 0.47 0.44 0.43 
0.20 0.20 0.20 0.40 0.23 0.52 0.27 0.06 0.37 0.37 0.36 0.36 
0.20 0.20 0.20 0.40 0.22 0.47 0.21 0.03 0.37 0.38 0.38 0.39 
0.20 0.20 0.20 0.40 0.17 0.42 0.14 0.05 0.36 0.35 0.36 0.35 
0.20 0.20 0.20 0.40 0.20 0.42 0.17 0.04 0.41 0.40 0.40 0.40 
0.20 0.20 0.20 0.40 0.25 0.46 0.20 0.05 0.41 0.39 0.40 0.38 
0.20 0.20 0.20 0.40 0.26 0.52 0.35 0.02 0.39 0.38 0.41 0.40 
0.20 0.20 0.20 0.40 0.22 0.39 0.20 0.03 0.45 0.43 0.43 0.45 
0.20 0.20 0.20 0.40 0.30 0.51 0.22 0.01 0.48 0.55 0.49 0.50 
0.21 0.20 0.20 0.39 0.35 0.46 0.22 0.02 0.45 0.46 0.46 0.50 
0.24 0.20 0.20 0.36 0.20 0.41 0.10 0.04 0.42 0.41 0.40 0.42 
0.23 0.20 0.20 0.37 0.25 0.44 0.23 0.03 0.50 0.47 0.46 0.46 
0.24 0.20 0.20 0.36 0.21 0.53 0.19 0.09 0.38 0.37 0.34 0.34 
0.24 0.20 0.20 0.36 0.20 0.46 0.27 0.04 0.52 0.53 0.53 0.53 
0.28 0.20 0.20 0.32 0.23 0.49 0.21 0.02 0.46 0.44 0.47 0.48 
0.33 0.20 0.20 0.27 0.24 0.38 0.20 0.02 0.39 0.37 0.35 0.35 
0.36 0.20 0.20 0.24 0.32 0.38 0.16 0.04 0.42 0.41 0.38 0.42 
0.32 0.20 0.20 0.28 0.17 0.59 0.20 0.06 0.40 0.44 0.45 0.39 
0.33 0.20 0.20 0.27 0.18 0.51 0.26 0.03 0.40 0.41 0.43 0.42 
0.36 0.20 0.20 0.24 0.27 0.32 0.13 0.04 0.38 0.36 0.37 0.37 
0.36 0.20 0.20 0.24 0.22 0.52 0.21 0.02 0.42 0.42 0.40 0.41 
0.37 0.20 0.20 0.23 0.16 0.47 0.13 0.03 0.46 0.48 0.46 0.45 
0.38 0.20 0.20 0.22 0.16 0.41 0.24 0.02 0.48 0.45 0.46 0.43 
0.39 0.20 0.20 0.21 0.19 0.48 0.27 0.05 0.38 0.40 0.39 0.40 
0.40 0.20 0.20 0.20 0.25 0.52 0.24 0.05 0.33 0.36 0.38 0.37 
0.40 0.20 0.20 0.20 0.18 0.40 0.26 0.02 0.38 0.38 0.38 0.39 
0.40 0.20 0.20 0.20 0.21 0.44 0.26 0.02 0.40 0.41 0.43 0.42 
0.39 0.20 0.20 0.21 0.22 0.52 0.24 0.02 0.49 0.49 0.52 0.49 
0.39 0.20 0.20 0.21 0.21 0.54 0.19 0.04 0.41 0.45 0.40 0.43 
0.39 0.20 0.20 0.21 0.18 0.44 0.35 0.03 0.37 0.37 0.34 0.36 
0.38 0.20 0.20 0.22 0.24 0.61 0.30 0.04 0.41 0.40 0.39 0.41 
0.39 0.20 0.20 0.21 0.25 0.49 0.17 0.03 0.42 0.42 0.42 0.43 
0.40 0.20 0.20 0.20 0.17 0.48 0.16 0.04 0.38 0.37 0.37 0.37 
0.40 0.20 0.20 0.20 0.19 0.58 0.16 0.02 0.40 0.43 0.38 0.40 
0.39 0.20 0.20 0.21 0.23 0.43 0.20 0.02 0.47 0.42 0.41 0.37 
0.37 0.20 0.20 0.23 0.29 0.47 0.17 0.03 0.46 0.43 0.44 0.43 
0.39 0.20 0.20 0.21 0.16 0.55 0.22 0.03 0.41 0.41 0.42 0.41 
0.40 0.20 0.20 0.20 0.30 0.46 0.21 0.02 0.42 0.45 0.43 0.46 
0.40 0.20 0.20 0.20 0.18 0.39 0.16 0.02 0.36 0.35 0.37 0.38 
0.40 0.20 0.20 0.20 0.30 0.37 0.30 0.02 0.44 0.41 0.43 0.43 
0.40 0.20 0.20 0.20 0.18 0.35 0.24 0.02 0.42 0.40 0.39 0.43 
0.40 0.20 0.20 0.20 0.18 0.59 0.19 0.07 0.28 0.29 0.29 0.29 
0.40 0.20 0.20 0.20 0.24 0.45 0.16 0.03 0.33 0.33 0.30 0.31 
0.38 0.20 0.20 0.22 0.19 0.55 0.24 0.02 0.34 0.33 0.37 0.34 
0.40 0.20 0.20 0.20 0.19 0.40 0.21 0.02 0.34 0.33 0.34 0.34 
0.39 0.20 0.20 0.21 0.18 0.40 0.22 0.03 0.35 0.35 0.34 0.34 
0.37 0.20 0.20 0.23 0.17 0.34 0.22 0.04 0.45 0.45 0.45 0.46 
0.39 0.20 0.20 0.21 0.22 0.38 0.18 0.03 0.35 0.34 0.34 0.34 
