0.24 0.26 0.25 0.24 2.36 2.42 2.36 2.33 2.41 2.30 2.32 2.26 
0.23 0.26 0.25 0.26 2.25 2.30 2.33 1.49 2.18 2.13 2.12 2.12 
0.21 0.28 0.27 0.24 2.25 2.27 2.22 1.02 2.05 2.03 2.00 2.03 
0.22 0.24 0.28 0.27 2.21 2.15 2.15 0.78 2.00 1.90 1.93 1.92 
0.21 0.26 0.25 0.29 2.05 2.21 2.13 0.68 1.95 1.92 1.91 1.89 
0.20 0.25 0.25 0.30 2.03 2.28 2.08 0.72 1.89 1.85 1.84 1.82 
0.20 0.24 0.24 0.32 1.85 2.18 1.98 0.44 1.70 1.70 1.70 1.68 
0.20 0.24 0.24 0.32 1.99 2.16 1.89 0.49 1.68 1.63 1.63 1.62 
0.20 0.25 0.28 0.27 1.86 2.19 1.86 0.48 1.67 1.64 1.62 1.63 
0.20 0.23 0.33 0.24 1.80 2.02 1.77 0.40 1.62 1.61 1.64 1.62 
0.20 0.21 0.37 0.21 1.83 2.00 1.79 0.41 1.66 1.65 1.65 1.63 
0.20 0.20 0.39 0.21 1.70 2.12 1.66 0.31 1.52 1.51 1.49 1.49 
0.20 0.20 0.39 0.21 1.66 1.96 1.55 0.44 1.51 1.53 1.53 1.54 
0.20 0.20 0.39 0.21 1.66 2.01 1.63 0.35 1.37 1.40 1.38 1.35 
0.20 0.20 0.38 0.22 1.61 1.89 1.50 0.37 1.40 1.44 1.45 1.41 
0.20 0.20 0.35 0.25 1.42 1.93 1.37 0.26 1.41 1.38 1.37 1.36 
0.20 0.20 0.38 0.21 1.27 1.92 1.45 0.20 1.26 1.27 1.26 1.23 
0.20 0.20 0.39 0.21 1.39 1.76 1.33 0.21 1.29 1.24 1.24 1.26 
0.20 0.20 0.37 0.23 1.28 1.70 1.26 0.28 1.30 1.29 1.30 1.22 
0.20 0.20 0.38 0.22 1.46 1.84 1.16 0.20 1.30 1.25 1.23 1.25 
0.20 0.20 0.38 0.22 1.36 1.72 1.12 0.22 1.12 1.10 1.06 1.11 
0.20 0.21 0.36 0.23 1.29 1.64 1.05 0.29 1.24 1.27 1.23 1.21 
0.20 0.21 0.36 0.22 1.28 1.60 0.99 0.20 1.20 1.15 1.16 1.16 
0.20 0.23 0.33 0.24 1.14 1.69 0.98 0.24 1.18 1.19 1.12 1.14 
0.20 0.22 0.29 0.29 1.21 1.58 0.87 0.25 1.07 1.03 1.05 1.03 
0.20 0.22 0.30 0.28 1.09 1.44 0.91 0.17 1.08 1.08 1.08 1.03 
0.20 0.21 0.37 0.23 1.07 1.60 0.78 0.20 1.03 1.00 1.01 1.01 
0.20 0.20 0.37 0.22 1.09 1.53 0.95 0.24 1.07 1.09 1.08 1.08 
0.20 0.20 0.39 0.21 1.04 1.40 0.85 0.19 0.99 0.98 1.00 0.98 
0.20 0.20 0.38 0.21 0.98 1.43 0.88 0.19 1.06 1.03 1.00 1.01 
0.20 0.20 0.39 0.20 0.95 1.61 0.74 0.13 1.04 0.99 1.01 0.99 
0.20 0.20 0.39 0.20 1.04 1.33 0.71 0.12 0.92 0.89 0.89 0.89 
0.20 0.21 0.38 0.20 0.92 1.39 0.66 0.16 1.03 0.99 1.06 1.00 
0.20 0.20 0.39 0.20 0.96 1.33 0.71 0.16 0.95 0.95 0.97 0.96 
0.20 0.20 0.39 0.20 0.93 1.32 0.68 0.20 0.94 0.91 0.93 0.88 
0.20 0.20 0.40 0.20 0.76 1.24 0.68 0.11 0.86 0.89 0.87 0.87 
0.20 0.20 0.40 0.20 0.87 1.37 0.80 0.13 0.84 0.86 0.83 0.87 
0.20 0.20 0.40 0.20 0.77 1.12 0.66 0.16 0.88 0.87 0.84 0.85 
0.20 0.20 0.40 0.20 0.84 1.18 0.60 0.14 0.80 0.84 0.84 0.82 
0.20 0.20 0.40 0.20 0.84 1.15 0.69 0.17 0.87 0.85 0.89 0.87 
0.20 0.20 0.40 0.20 1.02 1.16 0.71 0.12 0.95 0.93 0.94 0.93 
0.20 0.20 0.39 0.20 0.97 1.05 0.60 0.23 0.92 0.90 0.86 0.90 
0.20 0.20 0.40 0.20 0.84 1.26 0.62 0.15 0.92 0.89 0.93 0.92 
0.20 0.20 0.40 0.20 0.71 1.14 0.62 0.18 0.81 0.82 0.80 0.81 
0.20 0.20 0.40 0.20 0.83 1.02 0.49 0.10 0.85 0.85 0.88 0.82 
0.20 0.20 0.40 0.20 0.82 1.08 0.52 0.07 0.88 0.89 0.87 0.88 
0.20 0.20 0.40 0.20 0.70 1.26 0.51 0.07 0.74 0.74 0.76 0.74 
0.20 0.20 0.40 0.20 0.64 1.09 0.58 0.18 0.74 0.76 0.75 0.74 
0.20 0.20 0.39 0.20 0.76 1.10 0.50 0.10 0.67 0.66 0.69 0.72 
0.20 0.20 0.39 0.20 0.69 0.99 0.62 0.11 0.68 0.69 0.69 0.68 
0.20 0.20 0.39 0.20 0.63 1.04 0.57 0.15 0.74 0.72 0.71 0.70 
0.20 0.20 0.39 0.21 0.72 0.89 0.51 0.10 0.67 0.67 0.68 0.68 
0.21 0.20 0.39 0.20 0.68 0.98 0.50 0.11 0.75 0.75 0.77 0.76 
0.22 0.20 0.38 0.20 0.72 0.92 0.50 0.12 0.66 0.67 0.65 0.70 
0.21 0.20 0.39 0.20 0.60 0.92 0.50 0.09 0.66 0.67 0.67 0.65 
0.22 0.20 0.38 0.20 0.66 0.98 0.48 0.10 0.85 0.84 0.81 0.78 
0.21 0.20 0.39 0.20 0.50 1.05 0.41 0.15 0.74 0.75 0.73 0.77 
0.21 0.20 0.39 0.20 0.62 0.87 0.52 0.10 0.67 0.65 0.67 0.65 
0.21 0.20 0.36 0.22 0.50 1.00 0.51 0.09 0.68 0.67 0.65 0.68 
0.21 0.20 0.37 0.22 0.68 0.97 0.44 0.07 0.68 0.67 0.66 0.66 
0.21 0.20 0.37 0.23 0.70 1.00 0.49 0.07 0.65 0.66 0.64 0.66 
0.20 0.20 0.39 0.21 0.55 1.03 0.44 0.10 0.61 0.60 0.62 0.60 
0.21 0.20 0.38 0.21 0.54 0.98 0.47 0.09 0.77 0.73 0.79 0.72 
0.21 0.20 0.37 0.22 0.47 0.87 0.42 0.12 0.65 0.69 0.65 0.68 
0.21 0.20 0.35 0.24 0.57 0.95 0.53 0.05 0.62 0.65 0.62 0.63 
0.23 0.20 0.26 0.31 0.58 1.15 0.58 0.08 0.54 0.54 0.52 0.57 
0.20 0.20 0.35 0.24 0.62 0.91 0.54 0.10 0.69 0.71 0.71 0.72 
0.20 0.20 0.35 0.25 0.50 0.92 0.47 0.09 0.59 0.59 0.57 0.60 
0.21 0.20 0.33 0.27 0.60 0.91 0.34 0.11 0.60 0.62 0.59 0.55 
0.20 0.20 0.35 0.25 0.55 0.78 0.40 0.07 0.60 0.60 0.61 0.63 
0.21 0.20 0.34 0.26 0.49 0.76 0.55 0.20 0.60 0.57 0.60 0.58 
0.21 0.20 0.33 0.26 0.44 0.91 0.58 0.11 0.68 0.69 0.66 0.71 
0.21 0.20 0.33 0.27 0.50 0.88 0.40 0.13 0.62 0.65 0.64 0.61 
0.21 0.20 0.24 0.35 0.51 0.91 0.48 0.07 0.57 0.60 0.57 0.58 
0.21 0.20 0.21 0.38 0.52 0.95 0.47 0.05 0.57 0.58 0.56 0.54 
0.21 0.20 0.21 0.38 0.47 0.79 0.38 0.04 0.65 0.64 0.63 0.63 
0.21 0.20 0.20 0.39 0.40 0.86 0.41 0.12 0.63 0.63 0.61 0.59 
0.21 0.20 0.20 0.39 0.41 0.93 0.39 0.07 0.53 0.49 0.52 0.50 
0.22 0.20 0.20 0.37 0.47 0.78 0.45 0.07 0.55 0.57 0.55 0.55 
0.23 0.20 0.20 0.37 0.60 0.88 0.49 0.10 0.62 0.58 0.61 0.60 
0.21 0.20 0.20 0.39 0.52 0.76 0.50 0.07 0.57 0.58 0.58 0.60 
0.23 0.20 0.20 0.37 0.44 0.75 0.48 0.09 0.58 0.58 0.58 0.57 
0.24 0.20 0.20 0.36 0.44 0.79 0.30 0.09 0.61 0.60 0.57 0.58 
0.25 0.20 0.21 0.34 0.54 0.83 0.51 0.05 0.48 0.53 0.54 0.52 
0.23 0.20 0.21 0.36 0.41 0.74 0.40 0.07 0.59 0.55 0.55 0.55 
0.21 0.20 0.20 0.39 0.40 0.79 0.41 0.10 0.69 0.67 0.69 0.68 
0.22 0.20 0.22 0.36 0.46 0.61 0.35 0.07 0.51 0.54 0.53 0.54 
0.23 0.20 0.23 0.34 0.53 0.71 0.41 0.06 0.63 0.64 0.62 0.65 
0.24 0.20 0.24 0.32 0.48 0.70 0.56 0.05 0.62 0.62 0.61 0.60 
0.27 0.20 0.22 0.31 0.37 0.74 0.49 0.05 0.53 0.53 0.53 0.53 
0.29 0.20 0.23 0.28 0.34 0.73 0.40 0.07 0.45 0.45 0.45 0.45 
0.29 0.20 0.22 0.29 0.40 0.69 0.39 0.07 0.54 0.53 0.50 0.51 
0.29 0.20 0.23 0.28 0.35 0.66 0.42 0.10 0.47 0.48 0.47 0.49 
0.24 0.20 0.21 0.35 0.45 0.73 0.35 0.04 0.52 0.51 0.51 0.52 
0.23 0.20 0.20 0.37 0.40 0.76 0.34 0.06 0.49 0.51 0.51 0.49 
0.24 0.20 0.21 0.35 0.38 0.67 0.24 0.08 0.59 0.60 0.60 0.59 
0.24 0.20 0.21 0.35 0.53 0.72 0.47 0.06 0.68 0.67 0.67 0.64 
