0.25 0.25 0.25 0.25 1.89 1.81 2.01 2.02 2.13 2.57  
0.25 0.25 0.25 0.25 2.31 1.49 1.60 1.85 1.64 1.47  
0.25 0.25 0.25 0.25 1.79 1.85 1.89 1.55 1.60 1.32  
0.25 0.25 0.25 0.25 1.47 1.11 1.28 1.49 1.50 1.49  
0.25 0.25 0.25 0.25 1.08 1.52 0.64 1.59 1.47 1.47  
0.25 0.25 0.25 0.25 1.01 1.00 1.60 1.66 1.41 1.57  
0.25 0.25 0.25 0.25 1.08 1.01 0.80 1.31 1.19 1.19  
0.25 0.25 0.25 0.25 0.82 0.97 1.07 1.34 1.27 1.41  
0.25 0.25 0.25 0.25 0.54 1.22 0.77 1.08 0.88 0.99  
0.25 0.25 0.25 0.25 1.06 0.67 0.75 1.23 1.14 1.23  
0.25 0.25 0.25 0.25 1.02 0.67 1.24 1.45 1.37 1.39  
0.25 0.25 0.25 0.25 0.83 1.31 2.29 1.38 1.24 1.09  
0.25 0.25 0.25 0.25 0.75 1.75 0.44 1.39 1.16 1.25  
0.25 0.25 0.25 0.25 0.30 1.25 1.20 1.06 1.10 1.20  
0.25 0.25 0.25 0.25 0.65 1.20 0.91 1.32 1.23 1.31  
0.25 0.25 0.25 0.25 2.46 0.33 1.16 1.21 1.14 1.01  
0.25 0.25 0.25 0.25 1.32 1.18 0.62 0.98 0.97 1.05  
0.25 0.25 0.25 0.25 1.32 0.39 0.70 1.05 0.98 1.06  
0.25 0.25 0.25 0.25 1.01 0.57 1.07 0.88 0.79 0.81  
0.25 0.25 0.25 0.25 0.46 0.56 1.45 1.04 0.99 1.02  
0.25 0.25 0.25 0.25 0.80 1.02 1.13 0.98 0.96 0.97  
0.25 0.25 0.25 0.25 1.21 0.49 0.93 1.22 1.08 1.24  
0.25 0.25 0.25 0.25 0.78 0.77 0.61 1.04 1.11 1.26  
0.25 0.25 0.25 0.25 0.58 0.89 0.21 0.94 0.97 0.92  
0.25 0.25 0.25 0.25 0.59 1.25 0.97 1.11 1.06 1.08  
0.25 0.25 0.25 0.25 0.63 0.83 0.48 1.09 1.07 1.18  
0.25 0.25 0.25 0.25 0.20 0.78 0.19 1.59 1.46 1.67  
0.25 0.25 0.25 0.25 0.42 0.90 0.57 1.63 1.59 1.69  
0.25 0.25 0.25 0.25 0.37 1.02 0.74 1.40 1.44 1.59  
0.25 0.25 0.25 0.25 0.27 0.84 0.51 1.38 1.53 1.37  
0.25 0.25 0.25 0.25 0.39 0.73 1.13 0.91 0.88 0.87  
0.25 0.25 0.25 0.25 0.17 0.59 1.69 0.84 0.87 0.83  
0.25 0.25 0.25 0.25 0.16 0.18 1.01 0.99 0.85 0.91  
0.25 0.25 0.25 0.25 1.38 0.27 0.68 1.59 1.56 1.51  
0.25 0.25 0.25 0.25 0.35 0.40 0.32 1.75 1.72 1.59  
0.25 0.25 0.25 0.25 1.20 0.22 0.72 1.38 1.14 1.20  
0.25 0.25 0.25 0.25 1.30 0.63 1.56 1.26 1.58 1.47  
0.25 0.25 0.25 0.25 1.07 0.37 0.15 1.19 1.42 1.35  
0.25 0.25 0.25 0.25 0.62 0.68 0.25 1.36 1.54 1.52  
0.25 0.25 0.25 0.25 1.65 1.80 0.65 1.01 1.05 1.05  
0.25 0.25 0.25 0.25 0.77 1.63 0.76 1.36 1.30 1.26  
0.25 0.25 0.25 0.25 0.79 0.93 1.11 1.20 1.29 1.47  
0.25 0.25 0.25 0.25 0.72 0.55 0.79 1.21 1.15 1.24  
0.25 0.25 0.25 0.25 0.44 0.32 0.71 1.51 1.62 1.47  
0.25 0.25 0.25 0.25 0.32 0.09 0.06 0.75 0.77 0.75  
0.25 0.25 0.25 0.25 0.69 0.16 0.60 1.22 1.28 1.42  
0.25 0.25 0.25 0.25 0.48 1.21 0.48 1.33 1.27 1.42  
0.25 0.25 0.25 0.25 0.58 0.22 1.30 1.00 0.95 0.98  
0.25 0.25 0.25 0.25 0.65 0.43 0.76 1.45 1.47 1.42  
0.25 0.25 0.25 0.25 0.75 0.24 0.29 0.84 0.90 0.88  
0.25 0.25 0.25 0.25 0.75 0.25 0.19 0.81 0.90 0.83  
0.25 0.25 0.25 0.25 0.46 0.98 0.71 0.87 0.80 0.96  
0.25 0.25 0.25 0.25 0.32 1.04 0.82 0.82 0.92 0.87  
0.25 0.25 0.25 0.25 0.66 0.21 0.52 1.18 1.08 1.15  
0.25 0.25 0.25 0.25 0.57 0.10 0.41 0.84 0.77 0.87  
0.25 0.25 0.25 0.25 0.26 0.96 0.40 0.92 0.96 0.85  
0.25 0.25 0.25 0.25 0.87 0.41 0.07 1.02 1.17 1.09  
0.25 0.25 0.25 0.25 0.28 0.32 0.44 0.93 0.81 0.91  
0.25 0.25 0.25 0.25 0.69 0.35 0.22 1.29 1.10 1.21  
0.25 0.25 0.25 0.25 0.23 1.40 0.28 0.77 0.77 1.09  
0.25 0.25 0.25 0.25 0.44 1.67 0.19 0.86 0.67 0.64  
0.25 0.25 0.25 0.25 0.05 1.03 0.12 0.91 0.94 0.78  
0.25 0.25 0.25 0.25 1.73 0.15 0.17 1.31 1.36 1.49  
0.25 0.25 0.25 0.25 1.54 0.18 0.12 1.23 1.22 1.28  
0.25 0.25 0.25 0.25 0.20 0.48 0.09 0.77 0.66 0.67  
0.25 0.25 0.25 0.25 0.65 0.31 0.37 1.56 1.62 1.60  
0.25 0.25 0.25 0.25 0.52 0.09 0.57 1.06 1.01 0.93  
0.25 0.25 0.25 0.25 0.37 0.10 0.32 1.41 1.11 1.14  
0.25 0.25 0.25 0.25 0.53 0.67 0.22 0.97 1.03 0.99  
0.25 0.25 0.25 0.25 0.47 0.76 0.13 1.12 1.13 1.27  
0.25 0.25 0.25 0.25 0.65 0.07 0.04 1.17 1.05 1.19  
0.25 0.25 0.25 0.25 1.50 0.20 0.48 0.78 0.98 0.80  
0.25 0.25 0.25 0.25 2.35 0.12 0.03 1.32 1.34 1.15  
0.25 0.25 0.25 0.25 0.36 0.57 0.04 0.85 0.88 0.81  
0.25 0.25 0.25 0.25 0.26 0.31 0.31 1.19 1.04 1.15  
0.25 0.25 0.25 0.25 1.16 1.18 0.22 0.69 0.64 0.56  
0.25 0.25 0.25 0.25 0.79 0.86 1.78 1.08 0.99 1.00  
0.25 0.25 0.25 0.25 0.88 1.47 0.40 0.93 0.90 1.02  
0.25 0.25 0.25 0.25 0.36 0.54 0.24 1.07 0.92 1.09  
0.25 0.25 0.25 0.25 0.33 0.65 2.13 0.93 0.89 0.84  
0.25 0.25 0.25 0.25 0.62 0.04 0.39 0.83 0.84 0.86  
0.25 0.25 0.25 0.25 1.12 0.28 1.22 0.93 0.93 0.91  
0.25 0.25 0.25 0.25 0.18 0.86 0.70 1.09 1.34 1.31  
0.25 0.25 0.25 0.25 0.99 0.07 0.51 1.25 1.15 1.20  
0.25 0.25 0.25 0.25 0.10 0.68 0.12 0.82 1.02 1.04  
0.25 0.25 0.25 0.25 0.29 0.38 0.43 0.96 0.93 1.00  
0.25 0.25 0.25 0.25 0.27 0.33 0.20 1.29 1.30 1.30  
0.25 0.25 0.25 0.25 0.50 0.30 0.73 1.64 1.55 1.38  
0.25 0.25 0.25 0.25 0.70 0.67 0.46 1.27 1.41 1.55  
0.25 0.25 0.25 0.25 0.03 0.77 0.39 1.30 1.27 1.24  
0.25 0.25 0.25 0.25 0.98 0.55 0.44 1.22 1.39 1.51  
0.25 0.25 0.25 0.25 1.13 0.31 0.44 0.85 0.63 0.76  
0.25 0.25 0.25 0.25 0.30 0.16 0.09 1.03 1.06 1.07  
0.25 0.25 0.25 0.25 0.22 0.71 0.05 0.75 0.67 0.63  
0.25 0.25 0.25 0.25 0.33 0.17 0.62 0.58 0.54 0.64  
0.25 0.25 0.25 0.25 0.93 0.20 0.77 0.97 0.98 1.04  
0.25 0.25 0.25 0.25 0.24 0.26 0.11 1.69 1.69 1.72  
0.25 0.25 0.25 0.25 0.22 0.57 0.12 1.09 0.92 1.02  
0.25 0.25 0.25 0.25 0.56 0.36 0.30 1.14 1.17 1.15  
0.25 0.25 0.25 0.25 0.31 0.26 0.17 1.17 1.11 1.15  
0.25 0.25 0.25 0.25 0.46 0.02 0.14 1.45 1.62 1.57  
0.25 0.25 0.25 0.25 0.84 0.21 0.12 0.99 1.02 1.00  
0.25 0.25 0.25 0.25 0.92 0.11 0.12 0.99 0.96 1.07  
0.25 0.25 0.25 0.25 0.70 0.03 0.12 1.78 1.99 1.83  
0.25 0.25 0.25 0.25 0.37 0.10 0.30 0.54 0.54 0.44  
0.25 0.25 0.25 0.25 0.45 0.02 0.43 0.92 1.19 1.21  
0.25 0.25 0.25 0.25 0.18 0.02 0.15 0.69 0.54 0.56  
0.25 0.25 0.25 0.25 0.13 0.27 0.11 0.61 0.52 0.64  
0.25 0.25 0.25 0.25 0.50 0.50 0.04 1.07 1.02 0.90  
0.25 0.25 0.25 0.25 0.32 0.79 0.15 0.62 0.64 0.71  
0.25 0.25 0.25 0.25 0.03 0.19 0.08 0.89 0.95 0.94  
0.25 0.25 0.25 0.25 0.51 0.16 0.10 1.05 1.33 1.26  
