0.25 0.25 0.25 0.25 1.86 2.02 2.06 2.15 1.93 2.03  
0.24 0.25 0.26 0.25 1.00 1.10 1.46 1.60 1.49 1.41  
0.25 0.25 0.25 0.25 0.96 1.75 0.92 1.46 1.67 1.59  
0.25 0.24 0.26 0.25 0.89 0.67 1.04 1.48 1.48 1.49  
0.25 0.23 0.27 0.25 0.99 0.77 0.76 1.16 1.17 1.34  
0.24 0.23 0.27 0.25 0.61 1.05 0.67 1.02 1.11 1.13  
0.24 0.23 0.27 0.25 0.51 1.24 1.03 1.53 1.37 1.22  
0.23 0.22 0.30 0.24 0.46 0.94 1.49 1.27 1.29 1.33  
0.23 0.23 0.30 0.25 0.57 0.85 0.79 1.35 1.34 1.35  
0.23 0.22 0.31 0.24 0.48 0.54 0.86 1.22 1.21 1.16  
0.22 0.21 0.33 0.24 0.28 0.71 0.64 0.75 0.82 0.89  
0.23 0.21 0.33 0.24 0.52 0.65 0.99 1.09 1.07 1.06  
0.23 0.21 0.32 0.24 0.43 0.71 1.32 1.07 1.01 1.08  
0.23 0.21 0.32 0.24 0.41 0.68 0.94 1.13 1.08 1.33  
0.23 0.22 0.31 0.24 0.40 0.60 0.47 1.03 1.17 1.09  
0.23 0.22 0.31 0.24 0.31 0.59 0.70 0.96 1.09 1.13  
0.23 0.21 0.32 0.24 0.59 0.50 0.36 1.14 1.13 1.18  
0.23 0.21 0.33 0.23 0.23 0.51 0.74 1.47 1.59 1.48  
0.22 0.21 0.32 0.24 0.68 0.20 0.22 1.23 1.20 1.19  
0.23 0.21 0.32 0.24 0.26 0.19 0.32 1.03 0.98 1.13  
0.24 0.21 0.31 0.24 0.66 0.55 0.56 1.15 1.23 1.13  
0.25 0.21 0.30 0.24 0.26 0.28 0.64 1.48 1.49 1.46  
0.26 0.21 0.29 0.24 0.63 0.25 0.86 1.11 1.21 1.33  
0.25 0.21 0.30 0.24 0.44 0.78 0.24 1.07 1.19 1.03  
0.24 0.21 0.31 0.24 1.43 0.51 0.23 1.21 1.14 1.13  
0.24 0.21 0.31 0.23 0.76 0.70 0.64 0.99 1.00 0.98  
0.23 0.20 0.33 0.23 0.51 0.43 0.52 1.31 1.39 1.54  
0.23 0.20 0.34 0.23 0.38 0.38 0.29 1.12 0.95 0.94  
0.23 0.20 0.33 0.23 0.99 0.51 0.52 1.25 1.28 1.22  
0.24 0.21 0.33 0.23 0.33 0.35 0.19 1.28 1.07 1.26  
0.24 0.20 0.32 0.23 0.75 0.34 0.63 1.05 1.12 1.18  
0.25 0.20 0.33 0.23 0.44 0.44 0.28 0.99 1.11 1.01  
0.25 0.20 0.32 0.23 0.47 0.65 0.19 1.00 0.92 0.83  
0.26 0.20 0.31 0.23 0.74 0.43 0.65 1.23 1.08 1.13  
0.24 0.20 0.33 0.23 0.32 0.45 0.82 1.04 1.02 0.96  
0.23 0.20 0.34 0.23 0.34 0.12 0.91 0.77 0.76 0.79  
0.23 0.21 0.33 0.23 0.41 0.06 0.59 0.95 1.12 1.09  
0.23 0.21 0.33 0.23 0.71 0.20 0.55 0.93 0.93 1.00  
0.23 0.21 0.33 0.23 0.63 0.16 0.39 0.88 0.93 0.93  
0.23 0.21 0.32 0.24 0.17 0.44 0.52 0.94 0.96 0.93  
0.25 0.21 0.31 0.24 0.14 0.93 0.21 0.91 1.00 0.94  
0.25 0.21 0.31 0.23 0.36 0.16 0.10 1.99 1.99 1.91  
0.25 0.20 0.31 0.23 0.27 0.08 0.32 1.12 0.95 1.06  
0.26 0.20 0.30 0.23 0.18 0.35 0.19 0.77 0.82 0.87  
0.26 0.20 0.31 0.23 0.66 0.37 0.14 0.98 1.06 0.94  
0.25 0.20 0.32 0.23 0.17 0.66 0.41 1.15 1.19 1.17  
0.24 0.21 0.32 0.23 0.17 0.18 0.07 1.17 1.11 1.09  
0.24 0.20 0.33 0.23 0.17 0.14 0.27 0.83 0.92 0.84  
0.24 0.21 0.32 0.23 0.20 0.65 0.11 1.00 0.92 0.93  
0.24 0.21 0.32 0.23 0.53 0.71 0.09 0.73 0.80 0.82  
0.24 0.21 0.32 0.23 0.35 0.31 0.11 0.83 0.80 0.70  
0.23 0.20 0.34 0.23 0.33 0.25 0.17 0.97 0.99 1.01  
0.22 0.20 0.35 0.23 0.18 0.29 0.26 1.44 1.44 1.39  
0.22 0.21 0.35 0.23 0.33 0.48 0.06 1.35 1.59 1.52  
0.22 0.21 0.34 0.23 0.36 0.12 0.08 0.86 0.92 0.79  
0.23 0.21 0.33 0.23 0.25 0.35 0.46 0.81 0.71 0.86  
0.23 0.21 0.33 0.23 0.50 0.18 0.17 0.99 0.97 1.10  
0.22 0.21 0.34 0.23 0.29 0.13 0.33 1.22 1.36 1.23  
0.22 0.21 0.35 0.22 0.22 0.18 0.31 0.63 0.65 0.65  
0.21 0.20 0.36 0.22 0.11 0.21 0.06 0.77 0.93 0.90  
0.21 0.20 0.36 0.22 0.14 0.13 0.22 0.85 0.77 0.77  
0.21 0.20 0.37 0.22 0.18 0.06 0.06 0.52 0.67 0.68  
0.21 0.20 0.37 0.22 0.46 0.12 0.21 1.25 1.26 1.30  
0.21 0.20 0.37 0.22 0.15 0.37 0.13 1.22 1.29 1.20  
0.21 0.20 0.36 0.22 0.24 0.14 0.15 1.27 1.34 1.28  
0.22 0.20 0.36 0.22 0.07 0.43 0.07 0.92 0.92 0.95  
0.22 0.20 0.36 0.22 0.18 0.03 0.27 0.64 0.67 0.67  
0.21 0.20 0.37 0.22 0.46 0.13 0.18 1.01 1.00 1.10  
0.21 0.20 0.37 0.22 0.20 0.11 0.17 1.10 1.07 1.23  
0.21 0.20 0.37 0.22 0.09 0.04 0.12 0.97 0.87 0.91  
