0.25 0.25 0.25 0.25 1.89 1.81 2.01 2.02 2.13 2.57  
0.25 0.25 0.25 0.25 2.31 1.49 1.60 1.85 1.65 1.47  
0.25 0.25 0.25 0.25 1.79 1.85 1.88 1.55 1.61 1.32  
0.25 0.25 0.25 0.25 1.47 1.09 1.26 1.48 1.49 1.49  
0.25 0.25 0.25 0.25 1.08 1.44 0.64 1.61 1.46 1.49  
0.25 0.25 0.25 0.25 1.00 0.96 1.48 1.73 1.43 1.62  
0.25 0.25 0.25 0.25 1.02 0.99 0.83 1.29 1.21 1.13  
0.25 0.25 0.25 0.25 0.82 1.09 1.20 1.39 1.28 1.39  
0.25 0.25 0.25 0.25 0.57 1.03 0.82 0.99 1.00 1.02  
0.25 0.25 0.25 0.25 1.07 0.65 0.72 1.36 1.25 1.35  
0.25 0.25 0.25 0.25 0.93 0.55 1.20 1.53 1.42 1.42  
0.25 0.25 0.25 0.25 0.99 1.15 2.41 1.32 1.09 0.99  
0.25 0.25 0.25 0.25 0.75 1.74 0.51 1.37 1.17 1.38  
0.25 0.25 0.25 0.25 0.26 1.34 1.10 1.20 1.20 1.22  
0.25 0.25 0.25 0.25 0.72 0.97 0.84 1.18 1.14 1.27  
0.25 0.25 0.25 0.25 2.20 0.25 1.11 1.07 1.15 1.04  
0.25 0.25 0.25 0.25 1.18 1.17 1.01 0.89 0.95 1.02  
0.25 0.25 0.25 0.25 1.51 0.40 0.66 0.99 0.97 0.99  
0.25 0.25 0.25 0.25 1.37 0.75 0.86 1.00 0.84 0.83  
0.25 0.25 0.25 0.25 0.58 0.48 1.61 0.98 0.97 0.91  
0.25 0.25 0.25 0.25 0.82 1.08 1.02 0.83 0.80 0.91  
0.25 0.25 0.25 0.25 1.33 0.40 0.66 1.26 1.19 1.22  
0.25 0.25 0.25 0.25 0.69 0.93 0.88 0.78 0.84 0.95  
0.25 0.25 0.25 0.25 0.75 0.98 0.21 0.88 0.91 0.95  
0.25 0.25 0.25 0.25 0.41 1.10 1.09 0.94 1.06 1.00  
0.25 0.25 0.25 0.25 0.50 0.82 0.21 1.03 0.95 1.07  
0.25 0.25 0.25 0.25 0.40 0.93 0.14 1.41 1.38 1.43  
0.25 0.25 0.25 0.25 0.40 0.85 0.61 1.52 1.49 1.64  
0.25 0.25 0.25 0.25 0.46 0.96 0.82 1.37 1.33 1.46  
0.25 0.25 0.25 0.25 0.23 0.81 0.85 1.23 1.43 1.36  
0.25 0.25 0.25 0.25 0.33 1.02 1.09 0.83 0.76 0.85  
0.25 0.25 0.25 0.25 0.08 0.64 1.27 0.91 0.89 0.97  
0.25 0.25 0.25 0.25 0.15 0.30 0.69 1.19 0.94 1.00  
0.25 0.25 0.25 0.25 1.24 0.19 1.08 1.75 1.67 1.55  
0.25 0.25 0.25 0.25 0.42 0.38 0.41 1.63 1.62 1.35  
0.25 0.25 0.25 0.25 1.07 0.20 1.01 1.47 1.28 1.44  
0.25 0.25 0.25 0.25 1.35 0.66 1.79 1.21 1.54 1.44  
0.25 0.25 0.25 0.25 1.04 0.45 0.26 1.25 1.48 1.41  
0.25 0.25 0.25 0.25 0.63 0.85 0.37 1.03 1.27 1.26  
0.25 0.25 0.25 0.25 1.74 1.58 0.70 0.87 0.94 0.85  
0.25 0.25 0.25 0.25 0.67 1.44 1.01 1.29 1.13 1.28  
0.25 0.25 0.25 0.25 0.79 0.46 1.64 1.20 1.26 1.28  
0.25 0.25 0.25 0.25 0.67 0.56 0.81 1.19 1.09 1.05  
0.25 0.25 0.25 0.25 0.49 0.26 0.66 1.35 1.52 1.38  
0.25 0.25 0.25 0.25 0.53 0.12 0.09 0.74 0.70 0.69  
0.25 0.25 0.25 0.25 0.74 0.13 0.51 1.19 1.20 1.30  
0.25 0.25 0.25 0.25 0.54 1.12 0.61 1.35 1.48 1.30  
0.25 0.25 0.25 0.25 0.61 0.13 1.04 0.91 0.86 0.92  
0.25 0.25 0.25 0.25 0.47 0.44 0.60 1.36 1.41 1.44  
0.25 0.25 0.25 0.25 0.72 0.29 0.34 0.94 0.95 0.88  
0.25 0.25 0.25 0.25 0.68 0.20 0.16 0.89 1.03 0.85  
0.25 0.25 0.25 0.25 0.38 0.71 0.91 0.77 0.76 0.83  
0.25 0.25 0.25 0.25 0.41 0.79 0.91 0.77 0.76 0.80  
0.25 0.25 0.25 0.25 0.63 0.13 0.41 1.18 1.09 1.09  
0.25 0.25 0.25 0.25 0.49 0.14 0.29 0.88 0.78 0.80  
0.25 0.25 0.25 0.25 0.35 1.28 0.46 0.89 0.87 0.85  
0.25 0.25 0.25 0.25 0.70 0.82 0.08 1.14 1.24 1.16  
0.25 0.25 0.25 0.25 0.42 0.29 0.38 0.99 0.97 1.00  
0.25 0.25 0.25 0.25 0.40 0.23 0.15 1.26 1.17 1.32  
0.25 0.25 0.25 0.25 0.22 1.32 0.37 0.76 0.82 0.90  
0.25 0.25 0.25 0.25 0.18 1.06 0.30 0.89 0.73 0.68  
0.25 0.25 0.25 0.25 0.09 0.81 0.09 1.01 1.11 0.96  
0.25 0.25 0.25 0.25 0.77 0.13 0.15 1.48 1.38 1.38  
0.25 0.25 0.25 0.25 1.28 0.25 0.08 1.25 1.21 1.43  
0.25 0.25 0.25 0.25 0.06 0.48 0.05 0.69 0.71 0.60  
0.25 0.25 0.25 0.25 0.64 0.60 0.21 1.50 1.58 1.53  
0.25 0.25 0.25 0.25 0.57 0.07 0.50 1.09 0.88 0.97  
0.25 0.25 0.25 0.25 0.59 0.15 0.15 1.67 1.33 1.45  
0.25 0.25 0.25 0.25 0.45 0.57 0.27 0.92 0.99 1.03  
0.25 0.25 0.25 0.25 0.74 0.79 0.11 1.08 0.97 1.22  
0.25 0.25 0.25 0.25 0.63 0.09 0.03 1.19 1.08 1.17  
0.25 0.25 0.25 0.25 1.37 0.28 0.51 0.71 0.84 0.69  
0.25 0.25 0.25 0.25 1.49 0.09 0.02 1.50 1.39 1.19  
0.25 0.25 0.25 0.25 0.16 0.65 0.08 0.73 0.83 0.80  
0.25 0.25 0.25 0.25 0.28 0.35 0.24 1.23 1.21 1.24  
0.25 0.25 0.25 0.25 1.07 1.19 0.24 0.88 0.78 0.70  
0.25 0.25 0.25 0.25 0.66 1.10 1.99 0.98 0.92 1.00  
0.25 0.25 0.25 0.25 0.46 1.28 0.36 1.07 0.99 1.09  
0.25 0.25 0.25 0.25 0.21 0.45 0.46 1.14 1.02 1.06  
0.25 0.25 0.25 0.25 0.30 0.37 1.64 0.90 0.88 0.98  
0.25 0.25 0.25 0.25 0.47 0.08 0.27 0.71 0.78 0.78  
0.25 0.25 0.25 0.25 0.99 0.22 1.42 1.19 1.13 1.08  
0.25 0.25 0.25 0.25 0.07 0.56 0.71 1.16 1.17 1.23  
0.25 0.25 0.25 0.25 0.73 0.12 0.53 1.49 1.41 1.33  
0.25 0.25 0.25 0.25 0.06 0.43 0.03 0.87 0.96 0.92  
0.25 0.25 0.25 0.25 0.19 0.24 0.34 1.15 1.06 0.97  
0.25 0.25 0.25 0.25 0.18 0.37 0.26 1.24 1.31 1.29  
0.25 0.25 0.25 0.25 0.61 0.28 0.60 1.77 1.69 1.40  
0.25 0.25 0.25 0.25 0.49 0.55 0.20 1.32 1.48 1.60  
0.25 0.25 0.25 0.25 0.07 0.70 0.47 1.14 1.18 1.06  
0.25 0.25 0.25 0.25 0.82 0.24 0.44 1.30 1.46 1.62  
0.25 0.25 0.25 0.25 1.24 0.64 0.44 0.77 0.56 0.65  
0.25 0.25 0.25 0.25 0.31 0.06 0.06 1.05 1.02 1.00  
0.25 0.25 0.25 0.25 0.28 0.70 0.04 0.90 0.80 0.66  
0.25 0.25 0.25 0.25 0.50 0.14 0.54 0.51 0.65 0.70  
0.25 0.25 0.25 0.25 1.07 0.13 0.75 0.90 0.91 0.95  
0.25 0.25 0.25 0.25 0.23 0.09 0.16 1.59 1.66 1.71  
0.25 0.25 0.25 0.25 0.35 0.64 0.17 0.87 0.87 0.97  
0.25 0.25 0.25 0.25 0.40 0.26 0.35 1.07 1.13 1.07  
0.25 0.25 0.25 0.25 0.36 0.42 0.12 1.00 0.92 1.02  
0.25 0.25 0.25 0.25 0.42 0.03 0.06 1.71 1.70 1.79  
0.25 0.25 0.25 0.25 0.77 0.34 0.07 1.17 1.08 1.15  
0.25 0.25 0.25 0.25 0.57 0.05 0.12 0.99 0.97 1.04  
0.25 0.25 0.25 0.25 0.35 0.03 0.07 1.72 1.82 1.89  
0.25 0.25 0.25 0.25 0.26 0.14 0.21 0.62 0.53 0.43  
0.25 0.25 0.25 0.25 0.40 0.03 0.34 1.07 1.32 1.37  
0.25 0.25 0.25 0.25 0.23 0.03 0.20 0.72 0.66 0.69  
0.25 0.25 0.25 0.25 0.19 0.18 0.08 0.75 0.68 0.79  
0.25 0.25 0.25 0.25 0.72 0.46 0.06 1.18 0.96 0.84  
0.25 0.25 0.25 0.25 0.59 0.52 0.19 0.62 0.64 0.64  
0.25 0.25 0.25 0.25 0.01 0.03 0.15 1.05 1.05 1.02  
0.25 0.25 0.25 0.25 0.65 0.15 0.18 0.82 1.24 1.24  
