0.25 0.25 0.25 0.25 1.89 1.81 2.01 2.02 2.13 2.57  
0.25 0.25 0.25 0.25 2.31 1.49 1.60 1.85 1.65 1.47  
0.25 0.25 0.25 0.25 1.79 1.85 1.89 1.55 1.61 1.32  
0.25 0.25 0.25 0.25 1.47 1.10 1.25 1.50 1.50 1.52  
0.25 0.25 0.25 0.25 1.10 1.47 0.69 1.59 1.44 1.51  
0.25 0.25 0.25 0.25 1.05 1.02 1.52 1.70 1.41 1.56  
0.25 0.25 0.25 0.25 1.14 1.07 0.83 1.36 1.21 1.14  
0.25 0.25 0.25 0.25 0.89 1.05 1.18 1.38 1.30 1.40  
0.25 0.25 0.25 0.25 0.53 1.11 0.90 1.02 0.94 1.01  
0.25 0.25 0.25 0.25 0.98 0.65 0.71 1.38 1.23 1.34  
0.25 0.25 0.25 0.25 0.92 0.62 1.17 1.40 1.40 1.43  
0.25 0.25 0.25 0.25 1.06 1.05 2.43 1.41 1.25 1.00  
0.25 0.25 0.25 0.25 0.92 1.78 0.63 1.47 1.29 1.34  
0.25 0.25 0.25 0.25 0.30 1.40 1.00 1.11 1.25 1.24  
0.25 0.25 0.25 0.25 0.63 1.18 0.84 1.24 1.13 1.28  
0.25 0.25 0.25 0.25 2.33 0.34 1.24 1.16 1.16 1.06  
0.25 0.25 0.25 0.25 1.29 1.14 0.92 1.06 0.97 1.02  
0.25 0.25 0.25 0.25 1.27 0.45 0.60 1.06 1.02 1.05  
0.25 0.25 0.25 0.25 1.17 0.64 1.17 1.05 0.83 0.87  
0.25 0.25 0.25 0.25 0.55 0.44 1.71 0.95 1.00 0.96  
0.25 0.25 0.25 0.25 0.85 1.04 1.12 0.86 0.85 0.87  
0.25 0.25 0.25 0.25 1.39 0.49 0.66 1.25 1.07 1.06  
0.25 0.25 0.25 0.25 0.72 1.10 0.84 0.83 0.95 1.05  
0.25 0.25 0.25 0.25 0.79 0.84 0.22 0.96 0.97 0.95  
0.25 0.25 0.25 0.25 0.50 1.47 0.90 1.00 1.17 1.14  
0.25 0.25 0.25 0.25 0.69 0.67 0.53 1.10 1.08 1.17  
0.25 0.25 0.25 0.25 0.23 1.16 0.15 1.55 1.49 1.57  
0.25 0.25 0.25 0.25 0.32 0.81 0.54 1.74 1.64 1.80  
0.25 0.25 0.25 0.25 0.34 0.89 0.66 1.38 1.37 1.50  
0.25 0.25 0.25 0.25 0.30 0.75 0.66 1.34 1.35 1.52  
0.25 0.25 0.25 0.25 0.57 1.12 1.04 0.84 0.77 0.78  
0.25 0.25 0.25 0.25 0.36 0.97 1.30 0.94 1.04 0.96  
0.25 0.25 0.25 0.25 0.40 0.24 0.66 1.25 0.94 0.99  
0.25 0.25 0.25 0.25 1.45 0.16 0.77 1.51 1.43 1.40  
0.25 0.25 0.25 0.25 0.30 0.25 0.32 1.67 1.57 1.32  
0.25 0.25 0.25 0.25 1.24 0.11 0.79 1.54 1.23 1.27  
0.25 0.25 0.25 0.25 1.21 0.53 1.45 1.26 1.51 1.40  
0.25 0.25 0.25 0.25 1.03 0.28 0.44 1.24 1.46 1.34  
0.25 0.25 0.25 0.25 0.48 0.75 0.22 1.06 1.17 1.27  
0.25 0.25 0.25 0.25 1.69 1.18 0.47 0.93 1.05 0.94  
0.25 0.25 0.25 0.25 0.75 0.93 0.70 1.34 1.25 1.38  
0.25 0.25 0.25 0.25 0.77 0.60 0.84 1.24 1.30 1.40  
0.25 0.25 0.25 0.25 0.49 0.51 0.68 1.18 1.09 1.22  
0.25 0.25 0.25 0.25 0.46 0.22 0.67 1.44 1.58 1.40  
0.25 0.25 0.25 0.25 0.47 0.06 0.14 0.80 0.72 0.70  
0.25 0.25 0.25 0.25 0.65 0.14 0.56 1.28 1.27 1.29  
0.25 0.25 0.25 0.25 0.52 1.01 0.51 1.63 1.43 1.46  
0.25 0.25 0.25 0.25 0.64 0.06 0.93 0.97 0.89 0.85  
0.25 0.25 0.25 0.25 0.55 0.59 0.76 1.54 1.54 1.55  
0.25 0.25 0.25 0.25 0.69 0.13 0.22 0.95 0.87 0.92  
0.25 0.25 0.25 0.25 0.69 0.13 0.17 1.14 1.15 1.09  
0.25 0.25 0.25 0.25 0.47 1.17 1.06 0.93 0.91 0.98  
0.25 0.25 0.25 0.25 0.27 0.58 0.87 0.87 0.88 0.83  
0.25 0.25 0.25 0.25 0.63 0.14 0.58 1.17 1.08 1.06  
0.25 0.25 0.25 0.25 0.35 0.14 0.45 0.90 0.81 0.82  
0.25 0.25 0.25 0.25 0.28 1.82 0.45 0.86 1.00 0.85  
