0.25 0.25 0.25 0.25 1.86 2.02 2.06 2.15 1.93 2.03  
0.26 0.24 0.25 0.25 1.00 1.10 1.46 1.61 1.49 1.41  
0.25 0.23 0.26 0.25 0.96 1.75 0.92 1.46 1.67 1.58  
0.25 0.23 0.28 0.25 0.89 0.67 1.04 1.48 1.47 1.48  
0.25 0.23 0.27 0.25 0.98 0.81 0.73 1.15 1.17 1.32  
0.25 0.23 0.27 0.25 0.63 1.05 0.66 1.02 1.10 1.10  
0.24 0.23 0.27 0.25 0.52 1.19 1.05 1.50 1.36 1.20  
0.25 0.22 0.28 0.25 0.45 0.92 1.45 1.21 1.28 1.28  
0.27 0.22 0.27 0.25 0.57 0.78 0.81 1.32 1.29 1.29  
0.28 0.21 0.26 0.24 0.47 0.58 0.94 1.24 1.19 1.20  
0.29 0.21 0.26 0.24 0.27 0.77 0.53 0.74 0.81 0.84  
0.30 0.21 0.25 0.24 0.53 0.63 0.83 1.08 1.04 0.99  
0.30 0.21 0.25 0.24 0.45 0.67 1.32 1.06 1.01 1.03  
0.33 0.20 0.24 0.23 0.43 0.67 0.89 1.03 1.06 1.20  
0.33 0.20 0.23 0.23 0.39 0.59 0.37 1.08 1.22 1.17  
0.33 0.20 0.23 0.23 0.32 0.75 0.68 0.96 1.04 1.01  
0.35 0.20 0.22 0.23 0.68 0.49 0.37 1.16 1.11 1.16  
0.36 0.20 0.21 0.22 0.20 0.55 0.76 1.44 1.57 1.48  
0.36 0.20 0.21 0.22 0.63 0.20 0.22 1.24 1.19 1.19  
0.37 0.20 0.21 0.22 0.31 0.20 0.32 1.00 0.98 1.07  
0.37 0.20 0.21 0.22 0.65 0.60 0.48 1.14 1.20 1.08  
0.37 0.20 0.21 0.22 0.37 0.24 0.60 1.68 1.56 1.55  
0.37 0.20 0.21 0.22 0.61 0.21 0.93 1.21 1.24 1.34  
0.37 0.20 0.21 0.22 0.51 0.73 0.34 1.12 1.20 1.10  
0.36 0.21 0.21 0.23 1.48 0.58 0.13 1.18 1.17 1.08  
0.36 0.20 0.21 0.22 0.79 0.68 0.52 1.09 1.03 0.96  
0.35 0.21 0.21 0.23 0.56 0.56 0.60 1.23 1.34 1.50  
0.36 0.20 0.21 0.22 0.39 0.45 0.35 1.23 0.96 0.98  
0.37 0.20 0.21 0.22 1.01 0.48 0.61 1.23 1.27 1.20  
0.36 0.20 0.21 0.22 0.35 0.37 0.23 1.37 1.08 1.33  
0.36 0.21 0.21 0.22 0.60 0.25 0.69 0.94 1.08 1.12  
0.37 0.20 0.21 0.22 0.40 0.27 0.23 1.02 1.00 1.01  
0.37 0.20 0.21 0.22 0.50 0.67 0.21 0.95 0.87 0.87  
0.37 0.20 0.21 0.22 0.80 0.47 0.62 1.21 1.07 1.00  
0.37 0.20 0.21 0.22 0.21 0.45 0.70 0.95 0.96 0.93  
0.38 0.20 0.21 0.22 0.38 0.15 0.71 0.74 0.80 0.76  
0.38 0.20 0.21 0.21 0.32 0.07 0.34 1.06 1.18 1.15  
0.37 0.20 0.21 0.22 0.44 0.21 0.52 0.82 0.95 1.05  
0.37 0.20 0.21 0.22 0.32 0.15 0.47 0.85 0.87 0.86  
0.37 0.20 0.21 0.22 0.17 0.33 0.40 0.96 0.94 0.94  
0.37 0.20 0.21 0.22 0.11 0.53 0.20 0.79 0.90 0.88  
0.37 0.20 0.21 0.22 0.33 0.09 0.13 2.02 2.00 1.96  
0.38 0.20 0.21 0.22 0.23 0.11 0.49 1.16 1.06 1.08  
0.38 0.20 0.20 0.21 0.13 0.37 0.20 0.75 0.75 0.80  
0.38 0.20 0.21 0.21 0.62 0.39 0.15 0.98 1.02 0.97  
0.38 0.20 0.21 0.22 0.16 0.54 0.40 1.25 1.10 1.20  
0.38 0.20 0.20 0.21 0.18 0.22 0.05 1.10 1.11 0.99  
0.38 0.20 0.20 0.21 0.14 0.36 0.29 0.96 0.97 0.83  
0.38 0.20 0.21 0.21 0.20 0.89 0.18 1.10 1.03 1.05  
0.38 0.20 0.21 0.22 0.46 0.53 0.11 0.71 0.83 0.87  
0.38 0.20 0.21 0.22 0.21 0.29 0.21 0.85 0.72 0.76  
0.37 0.20 0.21 0.22 0.22 0.26 0.14 1.01 1.10 1.14  
0.37 0.20 0.21 0.22 0.16 0.36 0.29 1.55 1.60 1.48  
0.37 0.20 0.21 0.22 0.29 0.40 0.06 1.28 1.48 1.38  
0.37 0.20 0.21 0.22 0.31 0.10 0.07 0.91 0.94 0.77  
0.37 0.20 0.21 0.22 0.25 0.29 0.41 0.83 0.80 0.88  
0.38 0.20 0.21 0.22 0.46 0.16 0.13 0.96 0.94 1.09  
0.38 0.20 0.21 0.22 0.39 0.19 0.31 1.19 1.25 1.19  
0.37 0.20 0.21 0.22 0.22 0.21 0.33 0.70 0.60 0.68  
0.37 0.20 0.21 0.22 0.14 0.20 0.05 0.82 0.90 0.92  
0.37 0.20 0.21 0.22 0.18 0.19 0.30 0.70 0.65 0.64  
0.37 0.20 0.21 0.22 0.26 0.16 0.09 0.58 0.70 0.75  
0.37 0.20 0.21 0.22 0.54 0.22 0.13 1.12 1.19 1.16  
0.36 0.20 0.22 0.22 0.14 0.34 0.07 1.01 1.09 1.06  
0.36 0.20 0.22 0.22 0.25 0.22 0.20 1.25 1.30 1.34  
0.37 0.20 0.21 0.22 0.09 0.45 0.06 0.80 0.80 0.83  
0.36 0.20 0.22 0.22 0.15 0.03 0.28 0.69 0.72 0.65  
0.36 0.20 0.22 0.22 0.34 0.14 0.22 1.09 1.06 1.09  
0.36 0.20 0.22 0.22 0.12 0.06 0.13 1.02 1.03 1.26  
0.37 0.20 0.22 0.22 0.13 0.04 0.10 0.82 0.78 0.83  
