0.22 0.33 0.20 0.24 2.46 2.37 2.36 2.43 2.42 2.43 2.40 2.35 
0.20 0.39 0.20 0.21 1.78 2.32 2.33 1.37 2.31 2.30 2.31 2.26 
0.21 0.26 0.29 0.25 1.37 2.24 2.22 1.04 2.34 2.34 2.32 2.31 
0.20 0.20 0.40 0.20 1.08 2.13 2.14 0.79 2.27 2.26 2.28 2.29 
0.20 0.20 0.40 0.20 0.93 2.06 2.13 0.62 2.34 2.38 2.30 2.33 
0.32 0.20 0.28 0.20 0.85 1.99 2.09 0.64 2.24 2.25 2.27 2.23 
0.22 0.20 0.38 0.20 0.64 1.95 1.98 0.57 2.25 2.24 2.30 2.26 
0.35 0.20 0.25 0.20 0.69 1.91 1.90 0.44 2.31 2.29 2.25 2.33 
0.39 0.20 0.21 0.20 0.65 1.85 1.84 0.49 2.29 2.26 2.23 2.26 
0.38 0.20 0.22 0.20 0.63 1.70 1.78 0.43 2.14 2.15 2.17 2.16 
0.40 0.20 0.20 0.20 0.48 1.67 1.79 0.35 2.26 2.22 2.25 2.29 
0.40 0.20 0.20 0.20 0.47 1.59 1.68 0.38 2.23 2.24 2.19 2.19 
0.40 0.20 0.20 0.20 0.47 1.70 1.56 0.28 2.20 2.19 2.22 2.15 
0.40 0.20 0.20 0.20 0.41 1.54 1.64 0.31 2.17 2.16 2.18 2.19 
0.39 0.20 0.21 0.20 0.44 1.57 1.52 0.32 2.14 2.19 2.17 2.17 
0.23 0.20 0.37 0.20 0.33 1.37 1.39 0.29 2.11 2.17 2.15 2.10 
0.27 0.20 0.33 0.20 0.34 1.43 1.44 0.26 2.11 2.09 2.10 2.07 
0.30 0.20 0.30 0.20 0.38 1.55 1.30 0.23 2.25 2.23 2.23 2.24 
0.34 0.20 0.26 0.20 0.35 1.37 1.27 0.32 2.15 2.14 2.14 2.14 
0.34 0.20 0.26 0.20 0.34 1.38 1.19 0.21 2.10 2.08 2.14 2.14 
0.23 0.20 0.37 0.20 0.36 1.27 1.15 0.28 2.19 2.17 2.18 2.17 
0.30 0.20 0.30 0.20 0.31 1.20 1.07 0.25 2.13 2.11 2.09 2.11 
0.26 0.20 0.34 0.20 0.23 1.21 1.01 0.18 2.13 2.10 2.05 2.05 
0.34 0.20 0.26 0.20 0.32 1.22 0.99 0.22 2.12 2.12 2.11 2.10 
0.20 0.20 0.40 0.20 0.27 1.13 0.87 0.22 2.07 2.10 2.08 2.11 
0.20 0.20 0.40 0.20 0.28 1.10 0.90 0.22 1.96 2.00 1.92 1.97 
0.20 0.20 0.40 0.20 0.24 1.00 0.81 0.19 2.11 2.07 2.10 2.05 
0.20 0.20 0.40 0.20 0.26 1.00 0.98 0.13 1.99 2.05 1.98 2.02 
0.20 0.20 0.40 0.20 0.26 0.99 0.86 0.23 1.92 1.88 1.89 1.92 
0.20 0.20 0.40 0.20 0.27 0.96 0.89 0.18 1.94 2.00 1.96 1.97 
0.20 0.20 0.40 0.20 0.20 0.96 0.76 0.15 1.95 1.98 1.94 1.94 
0.20 0.20 0.40 0.20 0.29 1.01 0.69 0.16 1.97 1.91 1.95 1.91 
0.20 0.20 0.40 0.20 0.25 0.89 0.67 0.13 2.01 1.97 2.00 1.99 
0.20 0.20 0.40 0.20 0.20 0.89 0.72 0.09 1.90 1.90 1.92 1.93 
0.20 0.20 0.40 0.20 0.26 0.93 0.69 0.24 1.97 2.00 2.01 1.97 
0.20 0.20 0.40 0.20 0.22 1.05 0.68 0.17 1.92 1.92 1.92 1.87 
0.20 0.20 0.40 0.20 0.14 1.16 0.80 0.10 1.91 1.99 1.98 1.99 
0.20 0.20 0.40 0.20 0.19 0.83 0.63 0.19 2.00 2.02 2.04 1.97 
0.20 0.20 0.40 0.20 0.18 0.75 0.61 0.14 1.91 1.89 1.90 1.85 
0.20 0.20 0.40 0.20 0.28 0.89 0.71 0.12 2.07 2.09 2.03 1.95 
0.20 0.20 0.40 0.20 0.23 0.83 0.72 0.16 1.91 1.91 1.89 1.88 
0.20 0.20 0.40 0.20 0.19 0.80 0.61 0.10 2.02 2.05 2.05 2.04 
0.20 0.22 0.38 0.20 0.23 0.75 0.65 0.13 1.83 1.85 1.76 1.85 
0.20 0.20 0.40 0.20 0.20 0.71 0.60 0.15 1.89 1.83 1.82 1.80 
0.20 0.20 0.40 0.20 0.18 0.70 0.48 0.16 1.98 2.02 2.01 1.99 
0.20 0.20 0.40 0.20 0.16 0.73 0.52 0.12 1.95 1.95 1.93 1.85 
0.21 0.20 0.39 0.20 0.17 0.58 0.52 0.10 1.73 1.73 1.76 1.76 
0.20 0.20 0.40 0.20 0.15 0.72 0.57 0.18 1.88 1.89 1.86 1.92 
0.20 0.20 0.40 0.20 0.19 0.70 0.48 0.10 1.93 1.89 1.97 1.91 
0.20 0.20 0.40 0.20 0.19 0.79 0.59 0.14 1.88 1.81 1.79 1.77 
0.21 0.20 0.39 0.20 0.21 0.73 0.57 0.12 1.81 1.81 1.79 1.76 
0.24 0.20 0.36 0.20 0.18 0.65 0.51 0.08 1.82 1.85 1.83 1.82 
0.25 0.20 0.35 0.20 0.23 0.56 0.50 0.11 1.81 1.84 1.83 1.80 
0.21 0.20 0.39 0.20 0.16 0.61 0.50 0.12 1.81 1.82 1.75 1.81 
0.26 0.20 0.34 0.20 0.15 0.65 0.51 0.13 1.81 1.78 1.75 1.74 
0.29 0.20 0.31 0.20 0.16 0.54 0.49 0.11 1.86 1.86 1.81 1.90 
0.38 0.20 0.22 0.20 0.11 0.56 0.40 0.07 1.82 1.78 1.79 1.76 
0.34 0.20 0.26 0.20 0.15 0.48 0.53 0.14 1.78 1.80 1.84 1.85 
0.20 0.20 0.40 0.20 0.18 0.59 0.51 0.10 1.78 1.76 1.82 1.76 
0.20 0.20 0.40 0.20 0.16 0.61 0.44 0.08 1.75 1.78 1.83 1.81 
0.20 0.20 0.40 0.20 0.19 0.69 0.50 0.08 1.86 1.93 1.88 1.77 
0.20 0.20 0.40 0.20 0.14 0.53 0.44 0.08 1.81 1.79 1.82 1.80 
0.20 0.20 0.40 0.20 0.18 0.53 0.47 0.04 1.84 1.85 1.83 1.79 
0.20 0.20 0.40 0.20 0.13 0.62 0.44 0.13 1.89 1.90 1.88 1.88 
0.20 0.20 0.40 0.20 0.11 0.64 0.56 0.11 1.79 1.79 1.73 1.69 
0.20 0.20 0.40 0.20 0.12 0.59 0.53 0.07 1.77 1.77 1.75 1.83 
0.20 0.20 0.40 0.20 0.16 0.60 0.53 0.10 1.78 1.82 1.78 1.78 
0.20 0.20 0.40 0.20 0.13 0.63 0.46 0.08 1.76 1.77 1.85 1.74 
0.22 0.20 0.38 0.20 0.09 0.52 0.35 0.07 1.64 1.66 1.61 1.66 
0.24 0.20 0.36 0.20 0.14 0.57 0.39 0.11 1.84 1.75 1.83 1.80 
0.25 0.20 0.35 0.20 0.18 0.50 0.55 0.07 1.75 1.79 1.75 1.79 
0.30 0.20 0.30 0.20 0.14 0.44 0.55 0.08 1.85 1.81 1.77 1.83 
0.34 0.20 0.26 0.20 0.12 0.48 0.40 0.10 1.75 1.76 1.75 1.76 
0.25 0.20 0.35 0.20 0.14 0.37 0.48 0.10 1.61 1.62 1.61 1.61 
0.26 0.20 0.34 0.20 0.16 0.58 0.46 0.09 1.62 1.63 1.66 1.67 
0.22 0.20 0.38 0.20 0.11 0.50 0.38 0.05 1.76 1.75 1.82 1.73 
0.23 0.20 0.37 0.20 0.22 0.59 0.42 0.15 1.70 1.69 1.72 1.70 
0.20 0.20 0.40 0.20 0.21 0.43 0.39 0.06 1.67 1.65 1.61 1.65 
0.20 0.20 0.40 0.20 0.11 0.47 0.45 0.09 1.66 1.70 1.72 1.73 
0.20 0.20 0.40 0.20 0.19 0.51 0.50 0.07 1.64 1.63 1.63 1.66 
0.20 0.20 0.40 0.20 0.12 0.51 0.52 0.06 1.88 1.87 1.88 1.81 
0.20 0.20 0.40 0.20 0.13 0.44 0.48 0.09 1.65 1.64 1.68 1.70 
0.22 0.20 0.38 0.20 0.10 0.36 0.30 0.07 1.70 1.68 1.69 1.72 
0.21 0.20 0.39 0.20 0.15 0.37 0.51 0.10 1.73 1.72 1.73 1.67 
0.21 0.20 0.39 0.20 0.18 0.46 0.42 0.07 1.61 1.60 1.61 1.61 
0.20 0.20 0.40 0.20 0.20 0.45 0.41 0.05 1.60 1.62 1.58 1.56 
0.20 0.20 0.40 0.20 0.10 0.41 0.36 0.08 1.68 1.70 1.70 1.74 
0.20 0.20 0.40 0.20 0.16 0.52 0.42 0.08 1.66 1.63 1.69 1.66 
0.20 0.20 0.40 0.20 0.18 0.38 0.56 0.05 1.72 1.75 1.75 1.70 
0.20 0.20 0.40 0.20 0.10 0.43 0.47 0.06 1.70 1.71 1.75 1.79 
0.20 0.20 0.40 0.20 0.14 0.43 0.40 0.05 1.70 1.61 1.58 1.60 
0.20 0.20 0.40 0.20 0.19 0.36 0.40 0.03 1.72 1.64 1.63 1.71 
0.20 0.20 0.40 0.20 0.15 0.43 0.42 0.09 1.71 1.80 1.79 1.82 
0.20 0.20 0.40 0.20 0.07 0.41 0.36 0.08 1.55 1.58 1.62 1.59 
0.20 0.20 0.40 0.20 0.19 0.40 0.32 0.04 1.63 1.63 1.61 1.61 
0.20 0.20 0.40 0.20 0.26 0.37 0.24 0.08 1.74 1.68 1.69 1.69 
0.20 0.20 0.40 0.20 0.21 0.51 0.47 0.07 1.72 1.69 1.72 1.72 
0.20 0.20 0.40 0.20 0.15 0.43 0.34 0.11 1.53 1.53 1.59 1.54 
0.20 0.20 0.40 0.20 0.08 0.37 0.25 0.04 1.59 1.60 1.61 1.64 
0.20 0.20 0.40 0.20 0.15 0.32 0.42 0.07 1.57 1.59 1.61 1.55 
0.20 0.20 0.40 0.20 0.12 0.40 0.31 0.11 1.64 1.62 1.61 1.58 
0.20 0.20 0.40 0.20 0.13 0.35 0.33 0.10 1.56 1.58 1.57 1.56 
0.20 0.20 0.40 0.20 0.13 0.30 0.32 0.10 1.56 1.60 1.60 1.59 
0.20 0.20 0.40 0.20 0.13 0.33 0.34 0.04 1.69 1.74 1.69 1.78 
0.20 0.20 0.40 0.20 0.13 0.23 0.32 0.17 1.65 1.65 1.69 1.62 
0.20 0.20 0.40 0.20 0.10 0.38 0.34 0.05 1.62 1.60 1.63 1.59 
0.20 0.20 0.40 0.20 0.10 0.36 0.35 0.06 1.74 1.76 1.67 1.71 
0.20 0.20 0.40 0.20 0.12 0.30 0.47 0.08 1.59 1.61 1.61 1.61 
0.20 0.20 0.40 0.20 0.11 0.39 0.27 0.06 1.57 1.65 1.59 1.54 
0.20 0.20 0.40 0.20 0.16 0.47 0.42 0.06 1.67 1.68 1.70 1.71 
0.20 0.20 0.40 0.20 0.10 0.30 0.31 0.11 1.67 1.63 1.68 1.69 
0.20 0.20 0.40 0.20 0.16 0.32 0.26 0.08 1.70 1.67 1.66 1.68 
0.20 0.20 0.40 0.20 0.11 0.31 0.37 0.06 1.62 1.62 1.62 1.63 
0.20 0.20 0.40 0.20 0.08 0.40 0.26 0.06 1.57 1.58 1.56 1.54 
0.20 0.20 0.40 0.20 0.10 0.32 0.28 0.02 1.55 1.58 1.58 1.58 
0.20 0.20 0.40 0.20 0.09 0.43 0.23 0.08 1.75 1.76 1.82 1.82 
0.20 0.20 0.40 0.20 0.17 0.40 0.27 0.09 1.60 1.61 1.57 1.58 
0.20 0.20 0.40 0.20 0.15 0.39 0.31 0.10 1.66 1.64 1.62 1.60 
0.20 0.20 0.40 0.20 0.11 0.32 0.30 0.12 1.63 1.64 1.62 1.66 
0.20 0.20 0.40 0.20 0.14 0.29 0.30 0.08 1.55 1.58 1.57 1.57 
0.20 0.20 0.40 0.20 0.17 0.32 0.20 0.09 1.57 1.55 1.59 1.59 
0.20 0.20 0.40 0.20 0.08 0.40 0.29 0.11 1.61 1.53 1.59 1.56 
0.20 0.20 0.40 0.20 0.12 0.50 0.35 0.06 1.50 1.56 1.50 1.48 
0.20 0.20 0.40 0.20 0.12 0.34 0.36 0.12 1.74 1.77 1.82 1.78 
0.20 0.20 0.40 0.20 0.07 0.30 0.24 0.12 1.52 1.53 1.57 1.57 
0.20 0.20 0.40 0.20 0.17 0.32 0.29 0.08 1.57 1.61 1.59 1.63 
0.20 0.20 0.40 0.20 0.05 0.40 0.25 0.08 1.52 1.54 1.52 1.55 
0.20 0.20 0.40 0.20 0.14 0.35 0.42 0.04 1.67 1.70 1.64 1.67 
0.20 0.20 0.40 0.20 0.09 0.36 0.25 0.06 1.63 1.66 1.61 1.69 
0.20 0.20 0.40 0.20 0.10 0.24 0.22 0.05 1.63 1.65 1.60 1.68 
0.20 0.20 0.40 0.20 0.08 0.31 0.35 0.07 1.59 1.62 1.57 1.54 
0.20 0.20 0.40 0.20 0.15 0.34 0.34 0.08 1.67 1.70 1.67 1.69 
0.20 0.20 0.40 0.20 0.09 0.28 0.32 0.04 1.71 1.68 1.67 1.64 
0.20 0.20 0.40 0.20 0.06 0.33 0.34 0.10 1.54 1.55 1.53 1.61 
0.20 0.20 0.40 0.20 0.08 0.41 0.25 0.03 1.54 1.52 1.46 1.50 
0.20 0.20 0.40 0.20 0.11 0.31 0.32 0.04 1.64 1.68 1.64 1.64 
0.20 0.20 0.40 0.20 0.06 0.31 0.31 0.06 1.62 1.64 1.69 1.61 
0.20 0.20 0.40 0.20 0.17 0.23 0.30 0.05 1.76 1.82 1.79 1.79 
0.20 0.20 0.40 0.20 0.14 0.34 0.37 0.05 1.50 1.55 1.56 1.51 
0.20 0.20 0.40 0.20 0.10 0.37 0.39 0.08 1.73 1.65 1.62 1.68 
0.20 0.20 0.40 0.20 0.11 0.40 0.26 0.05 1.62 1.67 1.63 1.56 
0.20 0.20 0.40 0.20 0.12 0.31 0.25 0.04 1.58 1.52 1.54 1.55 
0.20 0.20 0.40 0.20 0.13 0.31 0.26 0.04 1.62 1.55 1.51 1.55 
0.20 0.20 0.40 0.20 0.09 0.32 0.22 0.02 1.60 1.57 1.60 1.60 
0.20 0.20 0.40 0.20 0.05 0.22 0.24 0.07 1.50 1.45 1.47 1.49 
0.20 0.20 0.40 0.20 0.13 0.34 0.25 0.06 1.54 1.56 1.56 1.58 
0.20 0.20 0.40 0.20 0.08 0.35 0.31 0.08 1.69 1.70 1.60 1.66 
0.20 0.20 0.40 0.20 0.08 0.38 0.23 0.11 1.53 1.50 1.58 1.50 
0.20 0.20 0.40 0.20 0.07 0.21 0.32 0.06 1.54 1.55 1.53 1.51 
0.20 0.20 0.40 0.20 0.11 0.31 0.26 0.06 1.60 1.61 1.61 1.71 
0.20 0.20 0.40 0.20 0.11 0.33 0.34 0.07 1.52 1.52 1.50 1.45 
0.20 0.20 0.40 0.20 0.08 0.31 0.33 0.04 1.55 1.57 1.54 1.58 
0.20 0.20 0.40 0.20 0.05 0.27 0.22 0.09 1.66 1.66 1.58 1.62 
0.20 0.20 0.40 0.20 0.13 0.28 0.32 0.08 1.50 1.56 1.57 1.63 
0.20 0.20 0.40 0.20 0.13 0.32 0.29 0.06 1.57 1.61 1.59 1.61 
0.20 0.20 0.40 0.20 0.11 0.25 0.29 0.07 1.43 1.45 1.43 1.47 
0.20 0.20 0.40 0.20 0.11 0.42 0.29 0.03 1.51 1.60 1.53 1.55 
0.20 0.20 0.40 0.20 0.08 0.25 0.30 0.04 1.64 1.62 1.60 1.65 
0.20 0.20 0.40 0.20 0.08 0.22 0.26 0.05 1.66 1.66 1.64 1.69 
0.20 0.20 0.40 0.20 0.07 0.26 0.29 0.04 1.53 1.60 1.53 1.56 
0.20 0.20 0.40 0.20 0.12 0.30 0.38 0.07 1.45 1.45 1.46 1.45 
0.20 0.20 0.40 0.20 0.08 0.35 0.32 0.02 1.47 1.47 1.49 1.46 
0.20 0.20 0.40 0.20 0.11 0.34 0.28 0.08 1.73 1.70 1.71 1.69 
0.20 0.20 0.40 0.20 0.08 0.29 0.22 0.02 1.79 1.77 1.79 1.79 
0.20 0.20 0.40 0.20 0.10 0.29 0.33 0.03 1.51 1.53 1.58 1.56 
0.20 0.20 0.40 0.20 0.12 0.26 0.20 0.04 1.34 1.40 1.36 1.32 
0.20 0.20 0.40 0.20 0.08 0.28 0.26 0.04 1.47 1.48 1.49 1.45 
0.20 0.20 0.40 0.20 0.14 0.21 0.18 0.03 1.50 1.45 1.48 1.49 
0.20 0.20 0.40 0.20 0.05 0.26 0.27 0.06 1.61 1.60 1.58 1.59 
0.20 0.20 0.40 0.20 0.09 0.22 0.34 0.03 1.49 1.50 1.52 1.53 
0.20 0.20 0.40 0.20 0.11 0.18 0.32 0.03 1.54 1.55 1.51 1.57 
0.20 0.20 0.40 0.20 0.09 0.24 0.26 0.03 1.57 1.58 1.61 1.54 
0.20 0.20 0.40 0.20 0.07 0.15 0.22 0.01 1.54 1.52 1.54 1.59 
0.20 0.20 0.40 0.20 0.08 0.24 0.32 0.04 1.49 1.46 1.45 1.51 
0.20 0.20 0.40 0.20 0.07 0.25 0.27 0.04 1.43 1.45 1.48 1.46 
0.20 0.20 0.40 0.20 0.09 0.22 0.25 0.04 1.70 1.69 1.69 1.71 
0.20 0.20 0.40 0.20 0.08 0.19 0.23 0.09 1.48 1.48 1.50 1.50 
0.20 0.20 0.40 0.20 0.10 0.27 0.30 0.04 1.40 1.39 1.42 1.41 
0.20 0.20 0.40 0.20 0.06 0.33 0.15 0.04 1.60 1.60 1.64 1.69 
0.20 0.20 0.40 0.20 0.06 0.40 0.26 0.06 1.55 1.51 1.54 1.51 
0.20 0.20 0.40 0.20 0.12 0.29 0.22 0.03 1.51 1.49 1.50 1.44 
0.20 0.20 0.40 0.20 0.07 0.27 0.25 0.09 1.49 1.55 1.51 1.51 
0.20 0.20 0.40 0.20 0.08 0.34 0.23 0.05 1.58 1.51 1.58 1.59 
0.20 0.20 0.40 0.20 0.11 0.29 0.18 0.05 1.69 1.66 1.69 1.68 
0.20 0.20 0.40 0.20 0.11 0.25 0.35 0.05 1.50 1.45 1.51 1.47 
0.20 0.20 0.40 0.20 0.11 0.41 0.38 0.02 1.44 1.50 1.45 1.44 
0.20 0.20 0.40 0.20 0.19 0.24 0.30 0.03 1.54 1.45 1.45 1.51 
0.20 0.20 0.40 0.20 0.09 0.22 0.26 0.03 1.61 1.56 1.54 1.65 
0.20 0.20 0.40 0.20 0.09 0.23 0.29 0.03 1.57 1.63 1.59 1.58 
0.20 0.20 0.40 0.20 0.09 0.26 0.29 0.05 1.72 1.77 1.68 1.70 
0.20 0.20 0.40 0.20 0.09 0.29 0.39 0.02 1.26 1.24 1.24 1.28 
0.20 0.20 0.40 0.20 0.07 0.43 0.23 0.06 1.64 1.60 1.62 1.58 
0.20 0.20 0.40 0.20 0.10 0.27 0.18 0.02 1.65 1.65 1.62 1.64 
0.20 0.20 0.40 0.20 0.13 0.23 0.18 0.03 1.33 1.35 1.33 1.31 
0.20 0.20 0.40 0.20 0.04 0.21 0.34 0.04 1.60 1.65 1.59 1.56 
0.20 0.20 0.40 0.20 0.05 0.26 0.23 0.10 1.61 1.64 1.67 1.63 
0.20 0.20 0.40 0.20 0.10 0.22 0.22 0.04 1.48 1.48 1.51 1.50 
0.20 0.20 0.40 0.20 0.05 0.25 0.21 0.05 1.60 1.58 1.63 1.60 
0.20 0.20 0.40 0.20 0.08 0.26 0.17 0.03 1.51 1.52 1.48 1.50 
0.20 0.20 0.40 0.20 0.07 0.27 0.18 0.07 1.53 1.55 1.63 1.54 
0.20 0.20 0.40 0.20 0.11 0.36 0.13 0.10 1.41 1.44 1.44 1.49 
0.20 0.20 0.40 0.20 0.15 0.36 0.19 0.07 1.38 1.47 1.40 1.43 
0.20 0.20 0.40 0.20 0.06 0.24 0.21 0.03 1.54 1.57 1.57 1.51 
0.20 0.20 0.40 0.20 0.09 0.29 0.18 0.02 1.47 1.47 1.43 1.44 
0.20 0.20 0.40 0.20 0.10 0.14 0.23 0.03 1.59 1.61 1.54 1.64 
0.20 0.20 0.40 0.20 0.11 0.27 0.29 0.05 1.51 1.51 1.52 1.45 
0.20 0.20 0.40 0.20 0.06 0.24 0.17 0.07 1.69 1.68 1.64 1.64 
0.20 0.20 0.40 0.20 0.05 0.21 0.23 0.06 1.53 1.52 1.60 1.57 
0.20 0.20 0.40 0.20 0.07 0.23 0.26 0.04 1.48 1.52 1.51 1.58 
0.20 0.20 0.40 0.20 0.06 0.22 0.19 0.06 1.57 1.63 1.57 1.58 
0.20 0.20 0.40 0.20 0.08 0.23 0.17 0.03 1.66 1.62 1.69 1.60 
0.20 0.20 0.40 0.20 0.10 0.22 0.22 0.03 1.37 1.34 1.35 1.36 
0.20 0.20 0.40 0.20 0.13 0.14 0.15 0.02 1.70 1.73 1.75 1.72 
0.20 0.20 0.40 0.20 0.07 0.26 0.24 0.05 1.46 1.52 1.46 1.44 
0.20 0.20 0.40 0.20 0.12 0.11 0.30 0.04 1.55 1.55 1.60 1.51 
0.20 0.20 0.40 0.20 0.07 0.23 0.22 0.07 1.46 1.47 1.50 1.48 
0.20 0.20 0.40 0.20 0.11 0.13 0.28 0.04 1.42 1.45 1.48 1.55 
0.20 0.20 0.40 0.20 0.05 0.18 0.15 0.09 1.60 1.64 1.62 1.66 
0.20 0.20 0.40 0.20 0.05 0.27 0.22 0.03 1.38 1.39 1.39 1.41 
0.20 0.20 0.40 0.20 0.05 0.21 0.26 0.03 1.48 1.48 1.51 1.48 
0.20 0.20 0.40 0.20 0.18 0.27 0.18 0.04 1.51 1.52 1.53 1.62 
0.20 0.20 0.40 0.20 0.04 0.14 0.17 0.07 1.57 1.57 1.63 1.45 
0.20 0.20 0.40 0.20 0.08 0.20 0.21 0.05 1.44 1.40 1.41 1.41 
0.20 0.20 0.40 0.20 0.05 0.15 0.17 0.03 1.55 1.54 1.49 1.53 
0.20 0.20 0.40 0.20 0.04 0.15 0.25 0.08 1.62 1.61 1.56 1.56 
0.20 0.20 0.40 0.20 0.08 0.32 0.21 0.03 1.52 1.48 1.48 1.52 
0.20 0.20 0.40 0.20 0.07 0.30 0.13 0.03 1.45 1.45 1.45 1.47 
0.20 0.20 0.40 0.20 0.04 0.24 0.18 0.02 1.49 1.45 1.53 1.51 
0.20 0.20 0.40 0.20 0.06 0.16 0.20 0.04 1.73 1.78 1.72 1.72 
0.20 0.20 0.40 0.20 0.06 0.23 0.34 0.08 1.44 1.43 1.45 1.46 
0.20 0.20 0.40 0.20 0.06 0.24 0.20 0.05 1.51 1.51 1.56 1.53 
0.20 0.20 0.40 0.20 0.08 0.25 0.21 0.02 1.62 1.59 1.62 1.56 
0.20 0.20 0.40 0.20 0.06 0.19 0.22 0.02 1.54 1.54 1.51 1.53 
0.20 0.20 0.40 0.20 0.07 0.22 0.10 0.03 1.56 1.60 1.57 1.55 
0.20 0.20 0.40 0.20 0.06 0.18 0.25 0.03 1.57 1.53 1.54 1.49 
0.20 0.20 0.40 0.20 0.04 0.22 0.19 0.05 1.54 1.61 1.56 1.58 
0.20 0.20 0.40 0.20 0.06 0.33 0.25 0.05 1.48 1.43 1.45 1.48 
0.20 0.20 0.40 0.20 0.06 0.30 0.22 0.03 1.50 1.50 1.46 1.57 
0.20 0.20 0.40 0.20 0.05 0.25 0.21 0.04 1.34 1.33 1.36 1.34 
0.20 0.20 0.40 0.20 0.06 0.28 0.16 0.02 1.59 1.58 1.53 1.53 
0.20 0.20 0.40 0.20 0.10 0.23 0.19 0.02 1.53 1.56 1.54 1.60 
0.20 0.20 0.40 0.20 0.08 0.17 0.25 0.02 1.47 1.45 1.42 1.45 
0.20 0.20 0.40 0.20 0.08 0.18 0.14 0.04 1.50 1.48 1.46 1.43 
0.20 0.20 0.40 0.20 0.12 0.16 0.20 0.03 1.29 1.30 1.29 1.30 
0.20 0.20 0.40 0.20 0.06 0.36 0.13 0.04 1.58 1.65 1.58 1.65 
0.20 0.20 0.40 0.20 0.04 0.27 0.24 0.03 1.72 1.68 1.71 1.66 
0.20 0.20 0.40 0.20 0.11 0.20 0.27 0.07 1.45 1.40 1.46 1.48 
0.20 0.20 0.40 0.20 0.04 0.22 0.25 0.02 1.43 1.46 1.44 1.44 
0.20 0.20 0.40 0.20 0.04 0.22 0.26 0.02 1.37 1.42 1.41 1.42 
0.20 0.20 0.40 0.20 0.07 0.21 0.27 0.02 1.53 1.53 1.53 1.52 
0.20 0.20 0.40 0.20 0.10 0.18 0.24 0.05 1.46 1.42 1.37 1.40 
0.20 0.20 0.40 0.20 0.04 0.20 0.18 0.04 1.44 1.41 1.45 1.45 
0.20 0.20 0.40 0.20 0.04 0.21 0.36 0.02 1.49 1.54 1.50 1.51 
0.20 0.20 0.40 0.20 0.04 0.28 0.29 0.08 1.50 1.45 1.42 1.48 
0.20 0.20 0.40 0.20 0.07 0.17 0.17 0.03 1.43 1.49 1.41 1.42 
0.20 0.20 0.40 0.20 0.08 0.28 0.15 0.02 1.43 1.43 1.40 1.41 
0.20 0.20 0.40 0.20 0.11 0.24 0.17 0.02 1.46 1.48 1.49 1.46 
0.20 0.20 0.40 0.20 0.05 0.32 0.19 0.03 1.30 1.27 1.22 1.30 
0.20 0.20 0.40 0.20 0.04 0.19 0.17 0.07 1.26 1.23 1.23 1.19 
0.20 0.20 0.40 0.20 0.03 0.13 0.22 0.04 1.30 1.29 1.31 1.40 
0.20 0.20 0.40 0.20 0.03 0.19 0.20 0.02 1.52 1.50 1.55 1.57 
0.20 0.20 0.40 0.20 0.09 0.22 0.15 0.02 1.58 1.59 1.58 1.57 
0.20 0.20 0.40 0.20 0.06 0.15 0.30 0.02 1.46 1.52 1.44 1.47 
0.20 0.20 0.40 0.20 0.04 0.22 0.25 0.02 1.54 1.59 1.60 1.60 
0.20 0.20 0.40 0.20 0.06 0.19 0.19 0.03 1.37 1.41 1.41 1.32 
0.20 0.20 0.40 0.20 0.09 0.28 0.16 0.04 1.55 1.58 1.58 1.60 
0.20 0.20 0.40 0.20 0.06 0.16 0.24 0.02 1.45 1.51 1.49 1.46 
0.20 0.20 0.40 0.20 0.03 0.21 0.20 0.03 1.37 1.38 1.36 1.37 
0.20 0.20 0.40 0.20 0.07 0.23 0.20 0.02 1.43 1.44 1.42 1.39 
0.20 0.20 0.40 0.20 0.09 0.18 0.24 0.01 1.57 1.54 1.65 1.61 
0.20 0.20 0.40 0.20 0.09 0.19 0.17 0.02 1.54 1.52 1.54 1.46 
0.20 0.20 0.40 0.20 0.06 0.20 0.24 0.02 1.58 1.64 1.58 1.58 
0.20 0.20 0.40 0.20 0.04 0.24 0.13 0.02 1.63 1.57 1.59 1.59 
0.20 0.20 0.40 0.20 0.06 0.15 0.15 0.04 1.57 1.61 1.67 1.63 
0.20 0.20 0.40 0.20 0.05 0.28 0.20 0.02 1.34 1.31 1.33 1.37 
0.20 0.20 0.40 0.20 0.03 0.18 0.14 0.04 1.52 1.49 1.51 1.50 
0.20 0.20 0.40 0.20 0.10 0.19 0.22 0.02 1.46 1.46 1.43 1.49 
0.20 0.20 0.40 0.20 0.06 0.20 0.22 0.02 1.59 1.47 1.62 1.51 
0.20 0.20 0.40 0.20 0.03 0.22 0.17 0.02 1.44 1.41 1.47 1.46 
0.20 0.20 0.40 0.20 0.03 0.19 0.18 0.03 1.48 1.47 1.49 1.48 
0.20 0.20 0.40 0.20 0.06 0.17 0.16 0.03 1.43 1.36 1.38 1.34 
0.20 0.20 0.40 0.20 0.07 0.23 0.08 0.02 1.37 1.38 1.37 1.34 
0.20 0.20 0.40 0.20 0.06 0.25 0.19 0.07 1.49 1.43 1.41 1.41 
0.20 0.20 0.40 0.20 0.07 0.25 0.12 0.02 1.52 1.49 1.55 1.47 
0.20 0.20 0.40 0.20 0.05 0.17 0.25 0.02 1.47 1.48 1.48 1.55 
0.20 0.20 0.40 0.20 0.08 0.13 0.15 0.02 1.67 1.68 1.61 1.69 
0.20 0.20 0.40 0.20 0.12 0.12 0.18 0.03 1.54 1.59 1.56 1.54 
0.20 0.20 0.40 0.20 0.08 0.17 0.21 0.06 1.42 1.47 1.46 1.43 
0.20 0.20 0.40 0.20 0.09 0.20 0.20 0.03 1.55 1.62 1.65 1.66 
0.20 0.20 0.40 0.20 0.06 0.21 0.21 0.02 1.48 1.49 1.55 1.44 
0.20 0.20 0.40 0.20 0.07 0.20 0.12 0.01 1.36 1.40 1.41 1.40 
0.20 0.20 0.40 0.20 0.03 0.25 0.16 0.04 1.55 1.61 1.49 1.51 
0.20 0.20 0.40 0.20 0.06 0.17 0.26 0.06 1.32 1.31 1.27 1.35 
0.20 0.20 0.40 0.20 0.05 0.13 0.12 0.01 1.53 1.45 1.52 1.51 
0.20 0.20 0.40 0.20 0.03 0.15 0.12 0.03 1.55 1.56 1.58 1.55 
0.20 0.20 0.40 0.20 0.04 0.18 0.14 0.02 1.38 1.45 1.41 1.40 
0.20 0.20 0.40 0.20 0.13 0.23 0.17 0.03 1.50 1.48 1.45 1.49 
0.20 0.20 0.40 0.20 0.04 0.23 0.20 0.02 1.49 1.51 1.38 1.44 
0.20 0.20 0.40 0.20 0.02 0.21 0.15 0.02 1.34 1.40 1.40 1.43 
0.20 0.20 0.40 0.20 0.07 0.16 0.17 0.03 1.70 1.70 1.68 1.70 
0.20 0.20 0.40 0.20 0.06 0.13 0.17 0.01 1.36 1.38 1.35 1.38 
0.20 0.20 0.40 0.20 0.07 0.16 0.26 0.06 1.46 1.47 1.44 1.46 
0.20 0.20 0.40 0.20 0.10 0.21 0.16 0.05 1.32 1.32 1.35 1.31 
0.20 0.20 0.40 0.20 0.04 0.23 0.25 0.03 1.33 1.28 1.35 1.31 
0.20 0.20 0.40 0.20 0.05 0.19 0.15 0.05 1.41 1.40 1.40 1.44 
0.20 0.20 0.40 0.20 0.05 0.13 0.21 0.04 1.53 1.51 1.53 1.55 
0.20 0.20 0.40 0.20 0.06 0.19 0.14 0.01 1.48 1.52 1.52 1.47 
0.20 0.20 0.40 0.20 0.06 0.28 0.12 0.03 1.53 1.54 1.56 1.52 
0.20 0.20 0.40 0.20 0.03 0.16 0.11 0.03 1.57 1.66 1.59 1.62 
0.20 0.20 0.40 0.20 0.05 0.23 0.14 0.04 1.53 1.53 1.57 1.46 
0.20 0.20 0.40 0.20 0.07 0.21 0.13 0.05 1.62 1.64 1.63 1.54 
0.20 0.20 0.40 0.20 0.04 0.20 0.16 0.03 1.58 1.57 1.62 1.60 
0.20 0.20 0.40 0.20 0.05 0.14 0.10 0.02 1.23 1.31 1.20 1.29 
0.20 0.20 0.40 0.20 0.05 0.15 0.17 0.03 1.38 1.44 1.43 1.44 
0.20 0.20 0.40 0.20 0.10 0.14 0.14 0.03 1.35 1.39 1.33 1.36 
0.20 0.20 0.40 0.20 0.02 0.14 0.20 0.06 1.46 1.47 1.47 1.49 
0.20 0.20 0.40 0.20 0.03 0.15 0.20 0.02 1.45 1.40 1.42 1.47 
0.20 0.20 0.40 0.20 0.04 0.18 0.17 0.03 1.38 1.40 1.36 1.39 
0.20 0.20 0.40 0.20 0.06 0.17 0.18 0.02 1.33 1.36 1.38 1.38 
0.20 0.20 0.40 0.20 0.05 0.13 0.19 0.02 1.40 1.41 1.42 1.42 
0.20 0.20 0.40 0.20 0.04 0.17 0.15 0.04 1.55 1.51 1.47 1.57 
0.20 0.20 0.40 0.20 0.05 0.13 0.28 0.04 1.51 1.58 1.54 1.49 
0.20 0.20 0.40 0.20 0.09 0.12 0.12 0.01 1.46 1.46 1.43 1.42 
0.20 0.20 0.40 0.20 0.13 0.17 0.15 0.03 1.22 1.20 1.21 1.28 
0.20 0.20 0.40 0.20 0.04 0.14 0.19 0.02 1.50 1.44 1.44 1.45 
0.20 0.20 0.40 0.20 0.05 0.17 0.21 0.02 1.49 1.52 1.47 1.51 
0.20 0.20 0.40 0.20 0.08 0.18 0.10 0.01 1.51 1.53 1.51 1.54 
0.20 0.20 0.40 0.20 0.02 0.18 0.14 0.01 1.41 1.43 1.42 1.37 
0.20 0.20 0.40 0.20 0.06 0.19 0.09 0.02 1.36 1.31 1.37 1.35 
0.20 0.20 0.40 0.20 0.06 0.17 0.14 0.01 1.43 1.33 1.39 1.37 
0.20 0.20 0.40 0.20 0.05 0.20 0.14 0.04 1.33 1.35 1.37 1.32 
0.20 0.20 0.40 0.20 0.08 0.14 0.15 0.03 1.52 1.58 1.54 1.52 
0.20 0.20 0.40 0.20 0.06 0.17 0.08 0.02 1.41 1.36 1.38 1.37 
0.20 0.20 0.40 0.20 0.04 0.27 0.15 0.04 1.41 1.53 1.52 1.49 
0.20 0.20 0.40 0.20 0.08 0.10 0.18 0.04 1.39 1.49 1.44 1.45 
0.20 0.20 0.40 0.20 0.09 0.17 0.23 0.01 1.45 1.45 1.37 1.51 
0.20 0.20 0.40 0.20 0.03 0.32 0.23 0.03 1.28 1.27 1.21 1.20 
0.20 0.20 0.40 0.20 0.05 0.21 0.22 0.03 1.51 1.58 1.53 1.57 
0.20 0.20 0.40 0.20 0.11 0.25 0.13 0.03 1.63 1.61 1.56 1.55 
0.20 0.20 0.40 0.20 0.07 0.16 0.08 0.03 1.38 1.40 1.36 1.43 
0.20 0.20 0.40 0.20 0.06 0.21 0.13 0.01 1.28 1.28 1.32 1.34 
0.20 0.20 0.40 0.20 0.03 0.26 0.14 0.02 1.52 1.57 1.54 1.42 
0.20 0.20 0.40 0.20 0.03 0.18 0.23 0.02 1.32 1.30 1.32 1.31 
0.20 0.20 0.40 0.20 0.06 0.19 0.13 0.02 1.38 1.35 1.36 1.35 
0.20 0.20 0.40 0.20 0.08 0.19 0.08 0.04 1.46 1.45 1.48 1.48 
0.20 0.20 0.40 0.20 0.07 0.14 0.22 0.03 1.40 1.37 1.36 1.45 
0.20 0.20 0.40 0.20 0.06 0.33 0.16 0.02 1.48 1.45 1.53 1.46 
0.20 0.20 0.40 0.20 0.06 0.12 0.17 0.01 1.30 1.32 1.32 1.36 
0.20 0.20 0.40 0.20 0.11 0.16 0.28 0.02 1.54 1.51 1.51 1.51 
0.20 0.20 0.40 0.20 0.07 0.18 0.15 0.03 1.54 1.60 1.50 1.53 
0.20 0.20 0.40 0.20 0.07 0.13 0.19 0.04 1.50 1.52 1.55 1.57 
0.20 0.20 0.40 0.20 0.04 0.12 0.13 0.01 1.40 1.48 1.50 1.50 
0.20 0.20 0.40 0.20 0.10 0.16 0.12 0.02 1.42 1.42 1.45 1.40 
0.20 0.20 0.40 0.20 0.09 0.14 0.13 0.02 1.37 1.43 1.32 1.35 
0.20 0.20 0.40 0.20 0.12 0.13 0.18 0.01 1.25 1.24 1.29 1.24 
0.20 0.20 0.40 0.20 0.10 0.20 0.14 0.01 1.48 1.48 1.43 1.49 
0.20 0.20 0.40 0.20 0.05 0.22 0.14 0.01 1.36 1.42 1.36 1.34 
0.20 0.20 0.40 0.20 0.06 0.11 0.19 0.03 1.37 1.41 1.36 1.39 
0.20 0.20 0.40 0.20 0.05 0.16 0.11 0.01 1.32 1.37 1.38 1.34 
0.20 0.20 0.40 0.20 0.03 0.17 0.16 0.04 1.22 1.24 1.23 1.22 
0.20 0.20 0.40 0.20 0.05 0.27 0.16 0.02 1.53 1.54 1.55 1.50 
0.20 0.20 0.40 0.20 0.04 0.21 0.13 0.02 1.40 1.37 1.41 1.36 
0.20 0.20 0.40 0.20 0.05 0.21 0.26 0.03 1.35 1.33 1.32 1.35 
0.20 0.20 0.40 0.20 0.04 0.16 0.11 0.02 1.55 1.53 1.52 1.47 
0.20 0.20 0.40 0.20 0.05 0.16 0.19 0.01 1.31 1.45 1.38 1.43 
0.20 0.20 0.40 0.20 0.10 0.19 0.14 0.02 1.49 1.48 1.50 1.57 
0.20 0.20 0.40 0.20 0.07 0.18 0.26 0.02 1.58 1.60 1.60 1.56 
0.20 0.20 0.40 0.20 0.05 0.12 0.19 0.02 1.32 1.30 1.26 1.32 
0.20 0.20 0.40 0.20 0.04 0.18 0.16 0.02 1.49 1.43 1.49 1.45 
0.20 0.20 0.40 0.20 0.08 0.20 0.08 0.01 1.50 1.41 1.45 1.44 
0.20 0.20 0.40 0.20 0.07 0.15 0.15 0.01 1.51 1.49 1.57 1.50 
0.20 0.20 0.40 0.20 0.05 0.20 0.13 0.03 1.49 1.49 1.45 1.53 
0.20 0.20 0.40 0.20 0.04 0.12 0.16 0.02 1.35 1.36 1.36 1.33 
0.20 0.20 0.40 0.20 0.04 0.12 0.10 0.02 1.46 1.54 1.48 1.52 
0.20 0.20 0.40 0.20 0.04 0.12 0.18 0.02 1.38 1.41 1.39 1.40 
0.20 0.20 0.40 0.20 0.07 0.17 0.11 0.02 1.43 1.50 1.50 1.51 
0.20 0.20 0.40 0.20 0.08 0.15 0.24 0.01 1.53 1.55 1.45 1.54 
0.20 0.20 0.40 0.20 0.06 0.14 0.19 0.02 1.40 1.37 1.35 1.32 
0.20 0.20 0.40 0.20 0.07 0.18 0.09 0.02 1.45 1.44 1.45 1.48 
0.20 0.20 0.40 0.20 0.02 0.24 0.10 0.02 1.25 1.36 1.27 1.31 
0.20 0.20 0.40 0.20 0.07 0.14 0.18 0.01 1.34 1.38 1.37 1.35 
0.20 0.20 0.40 0.20 0.01 0.19 0.15 0.01 1.49 1.52 1.46 1.56 
0.20 0.20 0.40 0.20 0.04 0.16 0.18 0.01 1.41 1.52 1.43 1.44 
0.20 0.20 0.40 0.20 0.02 0.11 0.17 0.01 1.38 1.48 1.42 1.37 
0.20 0.20 0.40 0.20 0.05 0.08 0.19 0.01 1.40 1.38 1.38 1.34 
0.20 0.20 0.40 0.20 0.04 0.22 0.21 0.01 1.42 1.36 1.39 1.41 
0.20 0.20 0.40 0.20 0.02 0.09 0.20 0.01 1.41 1.41 1.40 1.43 
0.20 0.20 0.40 0.20 0.08 0.12 0.13 0.01 1.24 1.29 1.24 1.22 
0.20 0.20 0.40 0.20 0.02 0.12 0.09 0.03 1.46 1.46 1.47 1.47 
0.20 0.20 0.40 0.20 0.05 0.13 0.09 0.09 1.24 1.17 1.20 1.24 
0.20 0.20 0.40 0.20 0.02 0.19 0.14 0.01 1.37 1.41 1.35 1.39 
0.20 0.20 0.40 0.20 0.05 0.12 0.16 0.03 1.39 1.39 1.39 1.42 
0.20 0.20 0.40 0.20 0.02 0.23 0.10 0.01 1.42 1.47 1.42 1.43 
0.20 0.20 0.40 0.20 0.05 0.18 0.15 0.03 1.43 1.43 1.42 1.50 
0.20 0.20 0.40 0.20 0.05 0.12 0.17 0.01 1.48 1.50 1.49 1.45 
0.20 0.20 0.40 0.20 0.04 0.15 0.18 0.08 1.45 1.43 1.39 1.41 
0.20 0.20 0.39 0.21 0.07 0.19 0.10 0.01 1.44 1.46 1.44 1.43 
0.20 0.20 0.34 0.26 0.10 0.12 0.18 0.02 1.30 1.34 1.31 1.32 
0.20 0.20 0.38 0.22 0.02 0.17 0.09 0.01 1.38 1.37 1.44 1.37 
0.20 0.20 0.40 0.20 0.03 0.19 0.19 0.02 1.40 1.36 1.40 1.39 
0.20 0.20 0.40 0.20 0.02 0.13 0.13 0.02 1.45 1.43 1.42 1.43 
0.20 0.20 0.40 0.20 0.08 0.08 0.09 0.02 1.41 1.43 1.41 1.46 
0.20 0.20 0.40 0.20 0.06 0.09 0.07 0.02 1.50 1.53 1.53 1.50 
0.20 0.20 0.40 0.20 0.03 0.09 0.16 0.01 1.30 1.32 1.28 1.28 
0.20 0.20 0.40 0.20 0.03 0.16 0.15 0.03 1.31 1.30 1.30 1.29 
0.20 0.20 0.40 0.20 0.04 0.06 0.23 0.02 1.65 1.62 1.60 1.57 
0.20 0.20 0.40 0.20 0.06 0.12 0.15 0.02 1.49 1.45 1.50 1.43 
0.20 0.20 0.40 0.20 0.07 0.24 0.13 0.02 1.37 1.35 1.40 1.36 
0.20 0.20 0.40 0.20 0.04 0.12 0.18 0.04 1.39 1.42 1.36 1.47 
0.20 0.20 0.40 0.20 0.03 0.15 0.18 0.01 1.38 1.39 1.29 1.38 
0.20 0.20 0.40 0.20 0.02 0.18 0.09 0.01 1.38 1.43 1.32 1.43 
0.21 0.20 0.39 0.20 0.02 0.17 0.09 0.01 1.40 1.32 1.38 1.44 
0.20 0.20 0.40 0.20 0.02 0.11 0.11 0.01 1.32 1.38 1.32 1.39 
0.20 0.20 0.40 0.20 0.08 0.13 0.12 0.03 1.57 1.52 1.51 1.52 
0.20 0.20 0.40 0.20 0.01 0.13 0.17 0.02 1.44 1.49 1.41 1.45 
0.20 0.20 0.40 0.20 0.06 0.16 0.19 0.04 1.35 1.35 1.33 1.30 
0.20 0.20 0.40 0.20 0.05 0.11 0.15 0.07 1.41 1.45 1.36 1.39 
0.20 0.20 0.40 0.20 0.05 0.14 0.16 0.03 1.29 1.36 1.36 1.29 
0.20 0.20 0.40 0.20 0.02 0.16 0.19 0.07 1.34 1.35 1.35 1.40 
0.20 0.20 0.40 0.20 0.05 0.20 0.15 0.01 1.40 1.39 1.43 1.35 
0.20 0.20 0.40 0.20 0.06 0.19 0.08 0.03 1.40 1.39 1.44 1.46 
0.20 0.20 0.40 0.20 0.04 0.15 0.15 0.01 1.40 1.34 1.37 1.40 
0.20 0.20 0.40 0.20 0.05 0.14 0.19 0.03 1.34 1.35 1.33 1.35 
0.20 0.20 0.40 0.20 0.06 0.16 0.11 0.01 1.51 1.47 1.42 1.39 
0.20 0.20 0.40 0.20 0.01 0.07 0.16 0.05 1.59 1.59 1.56 1.56 
0.20 0.20 0.40 0.20 0.04 0.16 0.10 0.02 1.51 1.43 1.49 1.46 
0.20 0.20 0.40 0.20 0.03 0.12 0.10 0.02 1.32 1.27 1.29 1.26 
0.20 0.20 0.40 0.20 0.05 0.14 0.13 0.01 1.34 1.36 1.36 1.36 
0.20 0.20 0.40 0.20 0.02 0.13 0.15 0.01 1.32 1.31 1.35 1.28 
0.20 0.20 0.40 0.20 0.03 0.08 0.07 0.01 1.41 1.38 1.38 1.41 
0.20 0.20 0.40 0.20 0.03 0.11 0.10 0.01 1.31 1.29 1.29 1.26 
0.20 0.20 0.40 0.20 0.05 0.15 0.21 0.01 1.32 1.31 1.34 1.30 
0.20 0.20 0.40 0.20 0.13 0.17 0.18 0.01 1.43 1.50 1.49 1.52 
0.20 0.20 0.40 0.20 0.07 0.13 0.08 0.02 1.65 1.66 1.67 1.68 
0.20 0.20 0.40 0.20 0.07 0.15 0.13 0.02 1.39 1.43 1.38 1.38 
0.20 0.20 0.40 0.20 0.03 0.16 0.10 0.02 1.46 1.43 1.46 1.46 
0.20 0.20 0.40 0.20 0.09 0.09 0.17 0.01 1.51 1.54 1.47 1.50 
0.20 0.20 0.40 0.20 0.08 0.18 0.15 0.03 1.50 1.43 1.49 1.42 
0.20 0.20 0.40 0.20 0.05 0.14 0.18 0.01 1.37 1.36 1.35 1.38 
0.20 0.20 0.40 0.20 0.09 0.08 0.12 0.01 1.44 1.42 1.44 1.43 
0.20 0.20 0.40 0.20 0.05 0.13 0.12 0.01 1.28 1.27 1.32 1.27 
0.20 0.20 0.40 0.20 0.05 0.25 0.14 0.01 1.33 1.36 1.34 1.36 
0.20 0.20 0.40 0.20 0.01 0.13 0.14 0.03 1.45 1.48 1.44 1.47 
0.20 0.20 0.40 0.20 0.02 0.14 0.17 0.01 1.23 1.29 1.26 1.24 
0.20 0.20 0.40 0.20 0.08 0.10 0.23 0.03 1.33 1.29 1.26 1.27 
0.20 0.20 0.40 0.20 0.09 0.16 0.18 0.06 1.36 1.50 1.41 1.41 
0.20 0.20 0.40 0.20 0.03 0.13 0.10 0.02 1.29 1.30 1.34 1.31 
0.20 0.20 0.40 0.20 0.03 0.10 0.09 0.06 1.40 1.47 1.40 1.40 
0.20 0.20 0.40 0.20 0.04 0.14 0.14 0.01 1.48 1.49 1.40 1.38 
0.20 0.20 0.40 0.20 0.04 0.16 0.10 0.02 1.34 1.41 1.36 1.39 
0.20 0.20 0.40 0.20 0.05 0.14 0.14 0.01 1.28 1.27 1.27 1.21 
0.20 0.20 0.40 0.20 0.05 0.20 0.10 0.02 1.51 1.45 1.43 1.50 
0.20 0.20 0.40 0.20 0.05 0.15 0.10 0.01 1.34 1.32 1.33 1.28 
0.20 0.20 0.40 0.20 0.09 0.07 0.16 0.03 1.26 1.25 1.28 1.32 
0.20 0.20 0.40 0.20 0.06 0.12 0.07 0.01 1.22 1.29 1.28 1.28 
0.20 0.20 0.40 0.20 0.07 0.14 0.12 0.01 1.25 1.29 1.35 1.29 
0.20 0.20 0.40 0.20 0.03 0.18 0.14 0.01 1.51 1.51 1.47 1.52 
0.20 0.20 0.40 0.20 0.02 0.12 0.08 0.01 1.37 1.27 1.35 1.33 
0.20 0.20 0.40 0.20 0.02 0.13 0.11 0.01 1.37 1.36 1.38 1.43 
0.20 0.20 0.40 0.20 0.03 0.12 0.09 0.01 1.42 1.41 1.39 1.43 
0.20 0.20 0.40 0.20 0.10 0.14 0.11 0.01 1.40 1.40 1.46 1.41 
0.20 0.20 0.40 0.20 0.07 0.15 0.10 0.01 1.43 1.39 1.42 1.42 
0.20 0.20 0.40 0.20 0.04 0.13 0.27 0.02 1.39 1.43 1.35 1.38 
0.20 0.20 0.40 0.20 0.10 0.13 0.18 0.01 1.48 1.48 1.42 1.41 
0.20 0.20 0.40 0.20 0.06 0.14 0.08 0.01 1.31 1.23 1.28 1.24 
0.20 0.20 0.40 0.20 0.03 0.07 0.13 0.01 1.34 1.35 1.36 1.33 
0.20 0.20 0.40 0.20 0.09 0.14 0.13 0.02 1.49 1.50 1.51 1.46 
0.20 0.20 0.40 0.20 0.03 0.07 0.14 0.01 1.43 1.36 1.40 1.44 
0.20 0.20 0.40 0.20 0.10 0.06 0.13 0.01 1.40 1.45 1.42 1.35 
0.20 0.20 0.40 0.20 0.06 0.13 0.12 0.01 1.29 1.34 1.35 1.31 
0.20 0.20 0.40 0.20 0.02 0.17 0.09 0.01 1.40 1.37 1.37 1.40 
0.20 0.20 0.40 0.20 0.02 0.19 0.08 0.02 1.42 1.44 1.38 1.43 
0.20 0.20 0.40 0.20 0.04 0.12 0.14 0.01 1.40 1.39 1.36 1.31 
0.20 0.20 0.40 0.20 0.03 0.15 0.16 0.02 1.44 1.46 1.47 1.46 
0.20 0.20 0.40 0.20 0.05 0.16 0.10 0.06 1.33 1.29 1.26 1.29 
0.20 0.20 0.40 0.20 0.04 0.19 0.09 0.01 1.36 1.40 1.42 1.40 
0.20 0.20 0.40 0.20 0.03 0.14 0.05 0.06 1.43 1.42 1.46 1.39 
0.20 0.20 0.40 0.20 0.05 0.11 0.17 0.01 1.12 1.09 1.07 1.04 
0.20 0.20 0.40 0.20 0.04 0.12 0.12 0.01 1.43 1.39 1.40 1.44 
0.20 0.20 0.40 0.20 0.03 0.18 0.14 0.01 1.48 1.41 1.41 1.46 
0.20 0.20 0.40 0.20 0.04 0.09 0.11 0.01 1.55 1.55 1.50 1.53 
0.20 0.20 0.40 0.20 0.08 0.12 0.11 0.01 1.46 1.45 1.41 1.48 
0.20 0.20 0.40 0.20 0.11 0.17 0.22 0.03 1.59 1.59 1.55 1.59 
0.20 0.20 0.40 0.20 0.03 0.08 0.13 0.02 1.50 1.51 1.51 1.49 
0.20 0.20 0.40 0.20 0.05 0.21 0.14 0.01 1.41 1.40 1.35 1.41 
0.20 0.20 0.40 0.20 0.01 0.07 0.08 0.01 1.42 1.47 1.48 1.47 
0.20 0.20 0.40 0.20 0.05 0.08 0.15 0.03 1.33 1.38 1.34 1.29 
0.20 0.20 0.40 0.20 0.05 0.09 0.14 0.05 1.39 1.35 1.37 1.37 
0.20 0.20 0.40 0.20 0.05 0.11 0.08 0.07 1.45 1.43 1.44 1.40 
0.20 0.20 0.40 0.20 0.06 0.09 0.07 0.05 1.39 1.39 1.42 1.38 
0.20 0.20 0.40 0.20 0.04 0.09 0.07 0.01 1.39 1.41 1.44 1.44 
0.20 0.20 0.40 0.20 0.08 0.13 0.10 0.01 1.53 1.45 1.49 1.57 
0.20 0.20 0.40 0.20 0.04 0.12 0.13 0.01 1.44 1.50 1.44 1.39 
0.20 0.20 0.40 0.20 0.06 0.13 0.08 0.01 1.37 1.38 1.40 1.32 
0.20 0.20 0.40 0.20 0.05 0.21 0.11 0.01 1.23 1.24 1.28 1.25 
0.20 0.20 0.40 0.20 0.02 0.08 0.14 0.01 1.23 1.29 1.28 1.24 
0.20 0.20 0.40 0.20 0.02 0.16 0.14 0.03 1.34 1.38 1.36 1.33 
0.20 0.20 0.40 0.20 0.02 0.09 0.06 0.04 1.25 1.27 1.22 1.27 
0.20 0.20 0.40 0.20 0.09 0.09 0.12 0.02 1.41 1.43 1.44 1.42 
0.20 0.20 0.40 0.20 0.08 0.08 0.12 0.02 1.39 1.37 1.39 1.40 
0.20 0.20 0.40 0.20 0.05 0.13 0.11 0.05 1.33 1.27 1.31 1.31 
0.20 0.20 0.40 0.20 0.05 0.08 0.22 0.01 1.28 1.24 1.29 1.31 
0.20 0.20 0.40 0.20 0.04 0.25 0.18 0.01 1.40 1.42 1.44 1.43 
0.20 0.20 0.40 0.20 0.03 0.20 0.24 0.05 1.46 1.42 1.46 1.48 
0.20 0.20 0.40 0.20 0.04 0.10 0.16 0.03 1.48 1.54 1.55 1.57 
0.20 0.20 0.40 0.20 0.03 0.12 0.16 0.01 1.42 1.38 1.41 1.33 
0.20 0.20 0.40 0.20 0.02 0.20 0.13 0.02 1.36 1.38 1.32 1.39 
0.20 0.20 0.40 0.20 0.05 0.16 0.12 0.02 1.59 1.56 1.58 1.61 
0.20 0.20 0.40 0.20 0.08 0.12 0.07 0.02 1.32 1.33 1.29 1.30 
0.20 0.20 0.40 0.20 0.07 0.08 0.06 0.01 1.42 1.34 1.43 1.39 
0.20 0.20 0.40 0.20 0.01 0.11 0.10 0.02 1.62 1.53 1.55 1.56 
0.20 0.20 0.40 0.20 0.08 0.10 0.20 0.01 1.58 1.55 1.59 1.51 
0.20 0.20 0.40 0.20 0.07 0.11 0.16 0.02 1.46 1.41 1.42 1.40 
0.20 0.20 0.40 0.20 0.02 0.07 0.07 0.01 1.40 1.36 1.31 1.31 
0.20 0.20 0.40 0.20 0.05 0.11 0.05 0.01 1.36 1.41 1.35 1.40 
0.20 0.20 0.40 0.20 0.03 0.12 0.11 0.02 1.36 1.33 1.29 1.35 
0.20 0.20 0.40 0.20 0.04 0.17 0.11 0.05 1.52 1.53 1.56 1.58 
0.20 0.20 0.40 0.20 0.07 0.17 0.10 0.03 1.19 1.28 1.21 1.32 
0.20 0.20 0.40 0.20 0.02 0.16 0.10 0.02 1.61 1.55 1.50 1.53 
0.20 0.20 0.40 0.20 0.07 0.16 0.14 0.02 1.43 1.46 1.43 1.49 
0.20 0.20 0.40 0.20 0.02 0.14 0.22 0.01 1.37 1.44 1.49 1.36 
0.20 0.20 0.40 0.20 0.04 0.10 0.08 0.01 1.15 1.20 1.16 1.15 
0.20 0.20 0.40 0.20 0.02 0.10 0.12 0.01 1.44 1.49 1.46 1.46 
0.20 0.20 0.40 0.20 0.02 0.14 0.11 0.01 1.39 1.37 1.41 1.34 
0.20 0.20 0.40 0.20 0.03 0.06 0.08 0.01 1.44 1.35 1.47 1.39 
0.20 0.20 0.40 0.20 0.03 0.07 0.09 0.02 1.58 1.51 1.54 1.53 
0.20 0.20 0.40 0.20 0.06 0.13 0.09 0.03 1.35 1.31 1.36 1.32 
0.20 0.20 0.40 0.20 0.01 0.15 0.12 0.01 1.27 1.26 1.28 1.30 
0.20 0.20 0.40 0.20 0.06 0.19 0.27 0.01 1.45 1.48 1.47 1.49 
0.20 0.20 0.40 0.20 0.03 0.06 0.16 0.05 1.36 1.39 1.46 1.41 
0.20 0.20 0.40 0.20 0.05 0.11 0.08 0.01 1.50 1.54 1.56 1.49 
0.20 0.20 0.40 0.20 0.03 0.15 0.14 0.01 1.35 1.34 1.36 1.34 
0.20 0.20 0.40 0.20 0.05 0.12 0.20 0.02 1.48 1.54 1.49 1.52 
0.20 0.20 0.40 0.20 0.06 0.11 0.11 0.02 1.34 1.42 1.41 1.37 
0.20 0.20 0.40 0.20 0.03 0.13 0.11 0.01 1.28 1.31 1.31 1.37 
0.20 0.20 0.40 0.20 0.04 0.16 0.06 0.02 1.27 1.23 1.26 1.25 
0.20 0.20 0.40 0.20 0.01 0.11 0.10 0.01 1.38 1.35 1.34 1.28 
0.20 0.20 0.40 0.20 0.12 0.12 0.07 0.02 1.25 1.27 1.21 1.25 
0.20 0.20 0.40 0.20 0.07 0.12 0.12 0.01 1.23 1.20 1.24 1.22 
0.20 0.20 0.40 0.20 0.05 0.10 0.10 0.01 1.46 1.45 1.52 1.49 
0.20 0.20 0.40 0.20 0.06 0.08 0.11 0.01 1.38 1.40 1.40 1.47 
0.20 0.20 0.40 0.20 0.01 0.15 0.14 0.02 1.64 1.63 1.54 1.61 
0.20 0.20 0.40 0.20 0.11 0.17 0.09 0.00 1.29 1.30 1.33 1.37 
0.20 0.20 0.40 0.20 0.05 0.06 0.14 0.01 1.34 1.37 1.40 1.40 
0.20 0.20 0.40 0.20 0.03 0.12 0.09 0.01 1.34 1.31 1.36 1.35 
0.20 0.20 0.40 0.20 0.11 0.13 0.07 0.06 1.41 1.42 1.43 1.35 
0.20 0.20 0.40 0.20 0.07 0.14 0.09 0.02 1.37 1.40 1.34 1.31 
0.20 0.20 0.40 0.20 0.01 0.12 0.11 0.01 1.36 1.34 1.23 1.27 
0.20 0.20 0.40 0.20 0.03 0.07 0.12 0.01 1.59 1.56 1.56 1.53 
0.20 0.20 0.40 0.20 0.11 0.16 0.24 0.01 1.40 1.40 1.35 1.43 
0.20 0.20 0.40 0.20 0.04 0.11 0.06 0.00 1.36 1.39 1.37 1.39 
0.20 0.20 0.40 0.20 0.08 0.27 0.10 0.01 1.27 1.22 1.23 1.24 
0.20 0.20 0.40 0.20 0.02 0.19 0.06 0.01 1.32 1.28 1.22 1.27 
0.20 0.20 0.40 0.20 0.02 0.13 0.05 0.01 1.30 1.31 1.31 1.30 
0.20 0.20 0.40 0.20 0.03 0.16 0.12 0.01 1.23 1.23 1.26 1.21 
0.20 0.20 0.40 0.20 0.06 0.12 0.11 0.02 1.46 1.48 1.47 1.41 
0.20 0.20 0.40 0.20 0.06 0.23 0.03 0.01 1.55 1.53 1.44 1.43 
0.20 0.20 0.40 0.20 0.02 0.11 0.10 0.01 1.23 1.23 1.16 1.18 
0.20 0.20 0.40 0.20 0.10 0.25 0.08 0.04 1.40 1.35 1.31 1.30 
0.20 0.20 0.40 0.20 0.04 0.18 0.10 0.01 1.34 1.36 1.31 1.28 
0.20 0.20 0.40 0.20 0.03 0.15 0.10 0.01 1.47 1.46 1.44 1.48 
0.20 0.20 0.40 0.20 0.02 0.11 0.16 0.02 1.39 1.37 1.46 1.40 
0.20 0.20 0.40 0.20 0.01 0.11 0.09 0.02 1.40 1.40 1.40 1.34 
0.20 0.20 0.40 0.20 0.07 0.08 0.12 0.01 1.25 1.26 1.23 1.32 
0.20 0.20 0.40 0.20 0.04 0.08 0.11 0.01 1.26 1.38 1.33 1.35 
0.20 0.20 0.40 0.20 0.02 0.09 0.10 0.01 1.55 1.61 1.58 1.57 
0.20 0.20 0.40 0.20 0.04 0.17 0.12 0.01 1.26 1.23 1.27 1.33 
0.20 0.20 0.40 0.20 0.02 0.15 0.30 0.01 1.40 1.42 1.36 1.42 
0.20 0.20 0.40 0.20 0.03 0.13 0.12 0.01 1.30 1.39 1.30 1.30 
0.20 0.20 0.40 0.20 0.03 0.12 0.11 0.01 1.45 1.49 1.51 1.46 
0.20 0.20 0.40 0.20 0.04 0.08 0.13 0.01 1.32 1.29 1.27 1.28 
0.20 0.20 0.40 0.20 0.04 0.12 0.10 0.00 1.42 1.44 1.44 1.41 
0.20 0.20 0.40 0.20 0.05 0.17 0.13 0.01 1.42 1.44 1.45 1.49 
0.20 0.20 0.40 0.20 0.05 0.12 0.05 0.01 1.30 1.27 1.28 1.35 
0.20 0.20 0.40 0.20 0.02 0.11 0.09 0.04 1.36 1.40 1.41 1.35 
0.20 0.20 0.40 0.20 0.05 0.10 0.07 0.02 1.15 1.17 1.22 1.21 
0.20 0.20 0.40 0.20 0.03 0.07 0.15 0.01 1.45 1.45 1.41 1.42 
0.20 0.20 0.40 0.20 0.05 0.13 0.14 0.01 1.40 1.37 1.43 1.33 
0.20 0.20 0.40 0.20 0.03 0.08 0.17 0.01 1.39 1.41 1.37 1.42 
0.20 0.20 0.40 0.20 0.02 0.10 0.06 0.00 1.45 1.50 1.51 1.54 
0.20 0.20 0.40 0.20 0.04 0.15 0.08 0.01 1.35 1.36 1.35 1.33 
0.20 0.20 0.40 0.20 0.02 0.08 0.13 0.01 1.55 1.56 1.57 1.53 
0.20 0.20 0.40 0.20 0.02 0.06 0.06 0.01 1.23 1.27 1.24 1.23 
0.20 0.20 0.40 0.20 0.05 0.12 0.09 0.01 1.39 1.37 1.37 1.34 
0.20 0.20 0.40 0.20 0.03 0.09 0.06 0.02 1.42 1.45 1.36 1.37 
0.20 0.20 0.40 0.20 0.05 0.13 0.13 0.02 1.54 1.56 1.57 1.55 
0.20 0.20 0.40 0.20 0.05 0.16 0.11 0.01 1.50 1.49 1.45 1.49 
0.20 0.20 0.40 0.20 0.07 0.09 0.10 0.03 1.30 1.27 1.27 1.28 
0.20 0.20 0.40 0.20 0.05 0.11 0.12 0.01 1.52 1.52 1.47 1.46 
0.20 0.20 0.40 0.20 0.06 0.07 0.09 0.06 1.27 1.22 1.27 1.27 
0.20 0.20 0.40 0.20 0.04 0.08 0.07 0.01 1.47 1.39 1.45 1.42 
0.20 0.20 0.40 0.20 0.05 0.07 0.10 0.03 1.52 1.56 1.53 1.43 
0.20 0.20 0.40 0.20 0.05 0.09 0.06 0.02 1.40 1.41 1.38 1.42 
0.20 0.20 0.40 0.20 0.03 0.16 0.08 0.01 1.35 1.33 1.38 1.34 
0.20 0.20 0.40 0.20 0.05 0.11 0.13 0.01 1.55 1.53 1.53 1.53 
0.20 0.20 0.40 0.20 0.07 0.12 0.19 0.02 1.47 1.44 1.46 1.40 
0.20 0.20 0.40 0.20 0.02 0.05 0.09 0.01 1.23 1.29 1.30 1.27 
0.20 0.20 0.40 0.20 0.05 0.07 0.10 0.02 1.23 1.26 1.20 1.19 
0.20 0.20 0.40 0.20 0.05 0.15 0.07 0.02 1.47 1.41 1.44 1.41 
0.20 0.20 0.40 0.20 0.02 0.16 0.12 0.02 1.26 1.26 1.25 1.27 
0.20 0.20 0.40 0.20 0.01 0.07 0.10 0.02 1.42 1.39 1.43 1.30 
0.20 0.20 0.40 0.20 0.04 0.11 0.08 0.01 1.32 1.39 1.33 1.30 
0.20 0.20 0.40 0.20 0.03 0.10 0.15 0.00 1.34 1.31 1.35 1.28 
0.20 0.20 0.40 0.20 0.06 0.07 0.07 0.01 1.29 1.25 1.25 1.27 
0.20 0.20 0.40 0.20 0.04 0.13 0.14 0.01 1.33 1.36 1.43 1.39 
0.20 0.20 0.40 0.20 0.03 0.08 0.04 0.02 1.39 1.39 1.49 1.47 
0.20 0.20 0.40 0.20 0.04 0.17 0.08 0.01 1.43 1.45 1.38 1.44 
0.20 0.20 0.40 0.20 0.07 0.13 0.06 0.01 1.51 1.48 1.53 1.50 
0.20 0.20 0.40 0.20 0.01 0.09 0.10 0.02 1.33 1.35 1.33 1.26 
0.20 0.20 0.40 0.20 0.05 0.12 0.07 0.01 1.31 1.28 1.33 1.33 
0.20 0.20 0.40 0.20 0.04 0.10 0.10 0.02 1.34 1.37 1.36 1.35 
0.20 0.20 0.40 0.20 0.02 0.07 0.07 0.01 1.31 1.25 1.29 1.29 
0.20 0.20 0.40 0.20 0.02 0.09 0.12 0.01 1.31 1.29 1.30 1.28 
0.20 0.20 0.40 0.20 0.03 0.13 0.08 0.01 1.30 1.36 1.33 1.35 
0.20 0.20 0.40 0.20 0.02 0.09 0.12 0.01 1.47 1.56 1.47 1.44 
0.20 0.20 0.40 0.20 0.06 0.08 0.12 0.01 1.16 1.18 1.16 1.23 
0.20 0.20 0.40 0.20 0.02 0.11 0.09 0.02 1.47 1.49 1.48 1.43 
0.20 0.20 0.40 0.20 0.02 0.11 0.07 0.02 1.31 1.34 1.37 1.36 
0.20 0.20 0.40 0.20 0.02 0.10 0.14 0.05 1.37 1.36 1.32 1.27 
0.20 0.20 0.40 0.20 0.01 0.08 0.08 0.01 1.38 1.40 1.36 1.43 
0.20 0.20 0.40 0.20 0.04 0.08 0.11 0.02 1.44 1.45 1.46 1.43 
0.20 0.20 0.40 0.20 0.01 0.11 0.07 0.01 1.49 1.49 1.56 1.47 
0.20 0.20 0.40 0.20 0.01 0.17 0.08 0.01 1.44 1.46 1.47 1.42 
0.20 0.20 0.40 0.20 0.01 0.12 0.09 0.01 1.46 1.48 1.45 1.54 
0.20 0.20 0.40 0.20 0.02 0.16 0.05 0.02 1.20 1.19 1.27 1.19 
0.20 0.20 0.40 0.20 0.03 0.12 0.07 0.01 1.17 1.22 1.21 1.17 
0.20 0.20 0.40 0.20 0.03 0.11 0.06 0.01 1.20 1.19 1.25 1.21 
0.20 0.20 0.40 0.20 0.03 0.13 0.13 0.01 1.08 1.14 1.16 1.08 
0.20 0.20 0.40 0.20 0.03 0.10 0.06 0.02 1.30 1.30 1.29 1.27 
0.20 0.20 0.40 0.20 0.03 0.08 0.10 0.01 1.36 1.38 1.37 1.39 
0.20 0.20 0.40 0.20 0.02 0.07 0.09 0.01 1.47 1.48 1.48 1.41 
0.20 0.20 0.40 0.20 0.02 0.12 0.07 0.00 1.51 1.47 1.48 1.51 
0.20 0.20 0.40 0.20 0.03 0.07 0.10 0.01 1.40 1.48 1.50 1.54 
0.20 0.20 0.40 0.20 0.03 0.09 0.12 0.01 1.53 1.58 1.59 1.54 
0.20 0.20 0.40 0.20 0.08 0.11 0.14 0.01 1.19 1.18 1.21 1.15 
0.20 0.20 0.40 0.20 0.07 0.08 0.08 0.01 1.43 1.41 1.44 1.47 
0.20 0.20 0.40 0.20 0.05 0.17 0.11 0.01 1.35 1.25 1.28 1.26 
0.20 0.20 0.40 0.20 0.04 0.10 0.08 0.01 1.36 1.30 1.30 1.30 
0.20 0.20 0.40 0.20 0.04 0.19 0.12 0.01 1.45 1.41 1.42 1.36 
0.20 0.20 0.40 0.20 0.06 0.07 0.06 0.01 1.24 1.19 1.23 1.18 
0.20 0.20 0.40 0.20 0.09 0.12 0.15 0.01 1.24 1.22 1.26 1.33 
0.20 0.20 0.40 0.20 0.03 0.14 0.10 0.00 1.44 1.46 1.43 1.37 
0.20 0.20 0.40 0.20 0.06 0.05 0.06 0.01 1.46 1.46 1.46 1.52 
0.20 0.20 0.40 0.20 0.01 0.12 0.16 0.01 1.37 1.37 1.39 1.36 
0.20 0.20 0.40 0.20 0.04 0.16 0.15 0.01 1.53 1.52 1.55 1.61 
0.20 0.20 0.40 0.20 0.02 0.10 0.13 0.01 1.49 1.47 1.41 1.41 
0.20 0.20 0.40 0.20 0.05 0.12 0.11 0.01 1.40 1.38 1.43 1.40 
0.20 0.20 0.40 0.20 0.05 0.14 0.14 0.06 1.17 1.17 1.19 1.11 
0.20 0.20 0.40 0.20 0.04 0.08 0.18 0.01 1.37 1.36 1.36 1.37 
0.20 0.20 0.40 0.20 0.05 0.10 0.17 0.01 1.35 1.36 1.31 1.29 
0.20 0.20 0.40 0.20 0.03 0.06 0.08 0.01 1.28 1.27 1.27 1.25 
0.20 0.20 0.40 0.20 0.02 0.07 0.11 0.00 1.49 1.48 1.48 1.48 
0.20 0.20 0.40 0.20 0.02 0.11 0.09 0.01 1.34 1.36 1.25 1.30 
0.20 0.20 0.40 0.20 0.01 0.10 0.09 0.01 1.48 1.44 1.46 1.46 
0.20 0.20 0.40 0.20 0.03 0.10 0.13 0.01 1.42 1.45 1.43 1.40 
0.20 0.20 0.40 0.20 0.03 0.08 0.09 0.01 1.36 1.43 1.33 1.35 
0.20 0.20 0.40 0.20 0.02 0.04 0.09 0.01 1.37 1.35 1.35 1.34 
0.20 0.20 0.40 0.20 0.04 0.16 0.13 0.01 1.40 1.38 1.33 1.31 
0.20 0.20 0.40 0.20 0.03 0.13 0.12 0.01 1.61 1.62 1.56 1.57 
0.20 0.20 0.40 0.20 0.03 0.07 0.16 0.01 1.51 1.51 1.50 1.51 
0.20 0.20 0.40 0.20 0.04 0.08 0.13 0.00 1.24 1.33 1.32 1.29 
0.20 0.20 0.40 0.20 0.04 0.17 0.12 0.01 1.36 1.33 1.41 1.41 
0.20 0.20 0.40 0.20 0.04 0.18 0.10 0.01 1.17 1.14 1.20 1.15 
0.20 0.20 0.40 0.20 0.02 0.29 0.15 0.01 1.30 1.38 1.35 1.36 
0.20 0.20 0.40 0.20 0.04 0.17 0.09 0.01 1.38 1.43 1.42 1.34 
0.20 0.20 0.40 0.20 0.04 0.08 0.09 0.01 1.28 1.30 1.28 1.26 
0.20 0.20 0.40 0.20 0.03 0.11 0.13 0.01 1.38 1.36 1.39 1.36 
0.20 0.20 0.40 0.20 0.02 0.10 0.13 0.01 1.22 1.26 1.30 1.28 
0.20 0.20 0.40 0.20 0.02 0.08 0.08 0.01 1.52 1.55 1.53 1.51 
0.20 0.20 0.40 0.20 0.01 0.09 0.10 0.01 1.21 1.26 1.24 1.26 
0.20 0.20 0.40 0.20 0.04 0.18 0.12 0.01 1.33 1.33 1.38 1.31 
0.20 0.20 0.40 0.20 0.01 0.07 0.18 0.01 1.33 1.35 1.31 1.44 
0.20 0.20 0.40 0.20 0.03 0.09 0.17 0.01 1.31 1.29 1.26 1.27 
0.20 0.20 0.40 0.20 0.04 0.09 0.06 0.00 1.47 1.52 1.49 1.49 
0.20 0.20 0.40 0.20 0.01 0.18 0.08 0.01 1.36 1.33 1.38 1.37 
0.20 0.20 0.40 0.20 0.02 0.13 0.11 0.01 1.30 1.34 1.32 1.29 
0.20 0.20 0.40 0.20 0.02 0.07 0.12 0.05 1.30 1.33 1.34 1.34 
0.20 0.20 0.40 0.20 0.02 0.09 0.10 0.01 1.29 1.32 1.30 1.28 
0.20 0.20 0.40 0.20 0.02 0.08 0.07 0.02 1.24 1.29 1.26 1.25 
0.20 0.20 0.40 0.20 0.02 0.08 0.09 0.02 1.39 1.32 1.37 1.32 
0.20 0.20 0.40 0.20 0.01 0.08 0.05 0.01 1.50 1.50 1.50 1.46 
0.20 0.20 0.40 0.20 0.04 0.08 0.10 0.02 1.34 1.39 1.35 1.35 
0.20 0.20 0.40 0.20 0.05 0.13 0.07 0.01 1.10 1.21 1.13 1.16 
0.20 0.20 0.40 0.20 0.05 0.09 0.06 0.01 1.42 1.31 1.39 1.42 
0.20 0.20 0.40 0.20 0.02 0.07 0.10 0.06 1.20 1.22 1.19 1.22 
0.20 0.20 0.40 0.20 0.03 0.12 0.06 0.02 1.33 1.39 1.41 1.36 
0.20 0.20 0.40 0.20 0.01 0.09 0.02 0.01 1.53 1.61 1.58 1.56 
0.20 0.20 0.40 0.20 0.03 0.10 0.08 0.01 1.23 1.24 1.31 1.24 
0.20 0.20 0.40 0.20 0.05 0.04 0.05 0.03 1.45 1.46 1.47 1.51 
0.20 0.20 0.40 0.20 0.02 0.10 0.07 0.02 1.43 1.48 1.47 1.47 
0.20 0.20 0.40 0.20 0.04 0.06 0.09 0.00 1.31 1.27 1.37 1.35 
0.20 0.20 0.40 0.20 0.08 0.06 0.11 0.01 1.35 1.31 1.31 1.32 
0.20 0.20 0.40 0.20 0.03 0.10 0.07 0.01 1.18 1.15 1.12 1.18 
0.20 0.20 0.40 0.20 0.02 0.06 0.07 0.06 1.54 1.58 1.57 1.60 
0.20 0.20 0.40 0.20 0.02 0.11 0.08 0.01 1.36 1.25 1.27 1.31 
0.20 0.20 0.40 0.20 0.02 0.10 0.12 0.02 1.27 1.25 1.23 1.24 
0.20 0.20 0.40 0.20 0.01 0.11 0.05 0.01 1.38 1.38 1.38 1.42 
0.20 0.20 0.40 0.20 0.02 0.05 0.06 0.00 1.23 1.21 1.25 1.29 
0.20 0.20 0.40 0.20 0.02 0.06 0.07 0.01 1.30 1.31 1.34 1.35 
0.20 0.20 0.40 0.20 0.02 0.05 0.07 0.01 1.36 1.29 1.32 1.28 
0.20 0.20 0.40 0.20 0.02 0.07 0.12 0.04 1.12 1.12 1.10 1.15 
0.20 0.20 0.40 0.20 0.03 0.07 0.07 0.01 1.48 1.54 1.48 1.53 
0.20 0.20 0.40 0.20 0.02 0.05 0.16 0.02 1.33 1.32 1.40 1.34 
0.20 0.20 0.40 0.20 0.03 0.09 0.05 0.01 1.35 1.43 1.40 1.39 
0.20 0.20 0.40 0.20 0.02 0.09 0.06 0.04 1.25 1.20 1.27 1.22 
0.20 0.20 0.40 0.20 0.07 0.16 0.06 0.02 1.36 1.29 1.27 1.33 
0.20 0.20 0.40 0.20 0.04 0.05 0.04 0.01 1.31 1.32 1.37 1.36 
0.20 0.20 0.40 0.20 0.02 0.16 0.08 0.00 1.22 1.15 1.20 1.19 
0.20 0.20 0.40 0.20 0.03 0.15 0.04 0.01 1.12 1.12 1.12 1.14 
0.20 0.20 0.40 0.20 0.06 0.06 0.17 0.01 1.30 1.39 1.31 1.34 
0.20 0.20 0.40 0.20 0.03 0.11 0.17 0.01 1.48 1.47 1.49 1.43 
0.20 0.20 0.40 0.20 0.06 0.13 0.17 0.00 1.53 1.63 1.54 1.58 
0.20 0.20 0.40 0.20 0.02 0.09 0.06 0.01 1.53 1.53 1.59 1.58 
0.20 0.20 0.40 0.20 0.03 0.11 0.06 0.06 1.32 1.32 1.40 1.45 
0.20 0.20 0.40 0.20 0.04 0.09 0.07 0.02 1.09 1.12 1.11 1.08 
0.20 0.20 0.40 0.20 0.04 0.15 0.07 0.01 1.40 1.35 1.40 1.42 
0.20 0.20 0.40 0.20 0.02 0.09 0.09 0.01 1.52 1.53 1.52 1.55 
0.20 0.20 0.40 0.20 0.02 0.07 0.08 0.01 1.49 1.52 1.55 1.53 
0.20 0.20 0.40 0.20 0.05 0.09 0.06 0.00 1.42 1.43 1.44 1.48 
0.20 0.20 0.40 0.20 0.04 0.13 0.06 0.00 1.39 1.41 1.40 1.35 
0.20 0.20 0.40 0.20 0.05 0.08 0.09 0.01 1.41 1.39 1.44 1.45 
0.20 0.20 0.40 0.20 0.03 0.06 0.08 0.01 1.25 1.27 1.21 1.22 
0.20 0.20 0.40 0.20 0.03 0.08 0.08 0.03 1.45 1.40 1.44 1.46 
0.20 0.20 0.40 0.20 0.02 0.09 0.14 0.01 1.55 1.53 1.58 1.54 
0.20 0.20 0.40 0.20 0.01 0.08 0.13 0.01 1.39 1.40 1.39 1.41 
0.20 0.20 0.40 0.20 0.03 0.12 0.06 0.01 1.31 1.35 1.35 1.39 
0.20 0.20 0.40 0.20 0.02 0.06 0.11 0.00 1.29 1.25 1.26 1.25 
0.20 0.20 0.40 0.20 0.02 0.10 0.09 0.00 1.34 1.30 1.38 1.33 
0.20 0.20 0.40 0.20 0.02 0.08 0.13 0.01 1.44 1.48 1.49 1.50 
0.20 0.20 0.40 0.20 0.04 0.14 0.06 0.02 1.34 1.39 1.29 1.33 
0.20 0.20 0.40 0.20 0.07 0.03 0.05 0.01 1.36 1.45 1.41 1.35 
0.20 0.20 0.40 0.20 0.02 0.08 0.11 0.02 1.39 1.46 1.41 1.41 
0.20 0.20 0.40 0.20 0.01 0.08 0.05 0.01 1.35 1.38 1.41 1.39 
0.20 0.20 0.40 0.20 0.02 0.13 0.05 0.02 1.30 1.30 1.22 1.32 
0.20 0.20 0.40 0.20 0.04 0.09 0.08 0.01 1.31 1.32 1.36 1.32 
0.20 0.20 0.40 0.20 0.04 0.17 0.08 0.01 1.43 1.46 1.45 1.45 
0.20 0.20 0.40 0.20 0.02 0.07 0.06 0.01 1.48 1.39 1.42 1.40 
0.20 0.20 0.40 0.20 0.02 0.07 0.06 0.01 1.26 1.29 1.25 1.32 
0.20 0.20 0.40 0.20 0.02 0.18 0.14 0.00 1.33 1.26 1.34 1.28 
0.20 0.20 0.40 0.20 0.04 0.10 0.09 0.01 1.41 1.36 1.43 1.36 
0.20 0.20 0.40 0.20 0.02 0.06 0.10 0.00 1.37 1.39 1.45 1.38 
0.20 0.20 0.40 0.20 0.02 0.12 0.07 0.00 1.33 1.29 1.29 1.33 
0.20 0.20 0.40 0.20 0.02 0.15 0.06 0.07 1.33 1.29 1.28 1.24 
0.20 0.20 0.40 0.20 0.02 0.08 0.10 0.01 1.29 1.35 1.33 1.44 
0.20 0.20 0.40 0.20 0.02 0.04 0.06 0.00 1.57 1.58 1.51 1.48 
0.20 0.20 0.40 0.20 0.09 0.05 0.05 0.01 1.30 1.23 1.34 1.33 
0.20 0.20 0.40 0.20 0.04 0.10 0.08 0.01 1.33 1.31 1.34 1.30 
0.20 0.20 0.40 0.20 0.01 0.11 0.16 0.00 1.51 1.46 1.50 1.57 
0.20 0.20 0.40 0.20 0.01 0.04 0.05 0.00 1.41 1.43 1.33 1.37 
0.20 0.20 0.40 0.20 0.05 0.10 0.09 0.01 1.36 1.37 1.38 1.32 
0.20 0.20 0.40 0.20 0.01 0.20 0.05 0.00 1.31 1.21 1.23 1.27 
0.20 0.20 0.40 0.20 0.03 0.10 0.07 0.03 1.30 1.35 1.33 1.33 
0.20 0.20 0.40 0.20 0.03 0.08 0.10 0.01 1.22 1.20 1.21 1.18 
0.20 0.20 0.40 0.20 0.01 0.10 0.11 0.01 1.20 1.21 1.16 1.24 
0.20 0.20 0.40 0.20 0.01 0.10 0.08 0.01 1.21 1.20 1.21 1.17 
0.20 0.20 0.40 0.20 0.01 0.08 0.09 0.00 1.49 1.42 1.47 1.53 
0.20 0.20 0.40 0.20 0.03 0.15 0.12 0.00 1.33 1.29 1.30 1.36 
0.20 0.20 0.40 0.20 0.02 0.09 0.07 0.01 1.28 1.27 1.27 1.25 
0.20 0.20 0.40 0.20 0.01 0.09 0.05 0.02 1.46 1.46 1.41 1.37 
0.20 0.20 0.40 0.20 0.03 0.10 0.10 0.01 1.27 1.27 1.33 1.21 
0.20 0.20 0.40 0.20 0.01 0.12 0.07 0.01 1.36 1.38 1.30 1.41 
0.20 0.20 0.40 0.20 0.02 0.13 0.08 0.01 1.41 1.38 1.35 1.43 
0.20 0.20 0.40 0.20 0.02 0.12 0.07 0.02 1.35 1.32 1.33 1.36 
0.20 0.20 0.40 0.20 0.05 0.14 0.12 0.01 1.38 1.34 1.36 1.37 
0.20 0.20 0.40 0.20 0.02 0.07 0.05 0.01 1.23 1.20 1.16 1.17 
0.20 0.20 0.40 0.20 0.03 0.13 0.06 0.00 1.35 1.40 1.38 1.34 
0.20 0.20 0.40 0.20 0.03 0.17 0.10 0.01 1.40 1.38 1.35 1.39 
0.20 0.20 0.40 0.20 0.02 0.10 0.09 0.01 1.45 1.48 1.42 1.40 
0.20 0.20 0.40 0.20 0.03 0.06 0.07 0.01 1.29 1.34 1.32 1.32 
0.20 0.20 0.40 0.20 0.02 0.07 0.04 0.00 1.48 1.47 1.44 1.47 
0.20 0.20 0.40 0.20 0.02 0.11 0.06 0.00 1.30 1.32 1.31 1.29 
0.20 0.20 0.40 0.20 0.06 0.13 0.10 0.08 1.26 1.20 1.22 1.21 
0.20 0.20 0.40 0.20 0.03 0.10 0.05 0.01 1.21 1.19 1.17 1.18 
