0.25 0.25 0.25 0.25 1.89 1.81 2.01 2.02 2.13 2.57  
0.25 0.25 0.25 0.25 2.31 1.49 1.60 1.85 1.64 1.47  
0.25 0.25 0.25 0.25 1.79 1.85 1.89 1.55 1.60 1.32  
0.25 0.25 0.25 0.25 1.48 1.11 1.29 1.49 1.49 1.46  
0.25 0.25 0.25 0.25 1.10 1.50 0.67 1.57 1.45 1.46  
0.25 0.25 0.25 0.25 1.00 1.14 1.49 1.77 1.47 1.60  
0.25 0.25 0.25 0.25 1.10 1.03 0.79 1.36 1.22 1.22  
0.25 0.25 0.25 0.25 0.90 1.01 1.11 1.33 1.26 1.43  
0.25 0.25 0.25 0.25 0.54 1.12 0.86 1.04 0.94 1.03  
0.25 0.25 0.25 0.25 0.98 0.56 0.61 1.37 1.21 1.35  
0.25 0.25 0.25 0.25 0.90 0.61 1.23 1.45 1.39 1.48  
0.25 0.25 0.25 0.25 0.86 1.47 2.51 1.43 1.30 1.01  
0.25 0.25 0.25 0.25 0.93 1.68 0.58 1.54 1.25 1.25  
0.25 0.25 0.25 0.25 0.33 1.19 1.04 1.02 1.07 1.15  
0.25 0.25 0.25 0.25 0.63 0.96 0.88 1.39 1.34 1.40  
0.25 0.25 0.25 0.25 2.34 0.22 1.19 1.11 1.10 1.07  
0.25 0.25 0.25 0.25 1.80 1.10 1.22 1.04 0.93 1.01  
0.25 0.25 0.25 0.25 1.50 0.37 0.80 1.05 0.96 0.92  
0.25 0.25 0.25 0.25 1.44 0.55 1.10 0.93 0.80 0.80  
0.25 0.25 0.25 0.25 0.64 0.43 1.81 1.02 0.99 0.98  
0.25 0.25 0.25 0.25 0.97 1.02 0.70 0.82 0.89 0.82  
0.25 0.25 0.25 0.25 1.19 0.52 0.77 1.13 1.11 1.04  
0.25 0.25 0.25 0.25 0.59 1.08 0.73 0.99 0.92 0.98  
0.25 0.25 0.25 0.25 0.82 0.93 0.19 0.83 0.95 0.92  
0.25 0.25 0.25 0.25 0.42 1.65 0.77 1.03 1.10 1.12  
0.25 0.25 0.25 0.25 0.69 0.65 0.29 1.09 1.10 1.17  
0.25 0.25 0.25 0.25 0.22 0.95 0.12 1.52 1.34 1.42  
0.25 0.25 0.25 0.25 0.37 0.90 0.58 1.49 1.53 1.58  
0.25 0.25 0.25 0.25 0.30 0.90 0.63 1.39 1.34 1.44  
0.25 0.25 0.25 0.25 0.25 0.82 0.69 1.30 1.34 1.42  
0.25 0.25 0.25 0.25 0.59 0.82 0.89 0.79 0.71 0.66  
0.25 0.25 0.25 0.25 0.38 0.76 1.12 0.70 0.82 0.78  
0.25 0.25 0.25 0.25 0.21 0.32 0.68 1.09 0.91 0.84  
0.25 0.25 0.25 0.25 1.23 0.26 0.93 1.56 1.44 1.55  
0.25 0.25 0.25 0.25 0.42 0.39 0.28 1.73 1.73 1.41  
0.25 0.25 0.25 0.25 0.96 0.17 0.83 1.48 1.26 1.31  
0.25 0.25 0.25 0.25 1.07 0.61 1.63 1.21 1.48 1.30  
0.25 0.25 0.25 0.25 1.12 0.35 0.29 1.25 1.41 1.35  
0.25 0.25 0.25 0.25 0.48 0.63 0.27 1.31 1.43 1.53  
0.25 0.25 0.25 0.25 1.39 1.51 0.72 0.97 1.01 0.95  
0.25 0.25 0.25 0.25 0.89 1.05 0.81 1.25 1.04 1.27  
0.25 0.25 0.25 0.25 0.71 0.63 1.18 1.29 1.29 1.33  
0.25 0.25 0.25 0.25 0.83 0.78 0.89 1.26 1.12 1.28  
0.25 0.25 0.25 0.25 0.37 0.36 0.63 1.35 1.59 1.43  
0.25 0.25 0.25 0.25 0.38 0.09 0.08 0.68 0.77 0.69  
0.25 0.25 0.25 0.25 0.68 0.10 0.61 1.36 1.37 1.44  
0.25 0.25 0.25 0.25 0.54 1.17 0.43 1.43 1.42 1.50  
0.25 0.25 0.25 0.25 0.60 0.21 0.95 1.02 0.99 1.06  
0.25 0.25 0.25 0.25 0.69 0.67 0.90 1.48 1.59 1.43  
0.25 0.25 0.25 0.25 1.01 0.33 0.37 0.87 0.89 0.86  
0.25 0.25 0.25 0.25 0.84 0.43 0.22 0.98 1.08 0.91  
0.25 0.25 0.25 0.25 0.53 0.91 1.35 0.77 0.76 0.87  
0.25 0.25 0.25 0.25 0.21 0.74 0.89 0.80 0.88 0.86  
0.25 0.25 0.25 0.25 0.58 0.17 0.41 1.18 1.08 1.08  
0.25 0.25 0.25 0.25 0.47 0.17 0.27 0.90 0.84 0.87  
0.25 0.25 0.25 0.25 0.27 1.65 0.33 0.99 1.00 0.79  
0.25 0.25 0.25 0.25 0.67 0.53 0.05 1.12 1.20 1.15  
0.25 0.25 0.25 0.25 0.42 0.28 0.47 0.95 0.92 0.99  
0.25 0.25 0.25 0.25 0.74 0.25 0.19 1.37 1.20 1.28  
0.25 0.25 0.25 0.25 0.49 1.28 0.45 0.80 0.79 1.03  
0.25 0.25 0.25 0.25 0.67 1.21 0.45 1.02 0.85 0.88  
0.25 0.25 0.25 0.25 0.06 0.56 0.11 1.02 0.97 0.96  
0.25 0.25 0.25 0.25 1.49 0.15 0.14 1.32 1.39 1.60  
0.25 0.25 0.25 0.25 1.44 0.13 0.11 1.32 1.24 1.48  
0.25 0.25 0.25 0.25 0.15 0.33 0.05 0.87 0.71 0.70  
0.25 0.25 0.25 0.25 0.71 0.58 0.45 1.75 1.75 1.83  
0.25 0.25 0.25 0.25 0.83 0.07 0.68 1.09 1.15 1.03  
0.25 0.25 0.25 0.25 0.47 0.17 0.43 1.70 1.55 1.59  
0.25 0.25 0.25 0.25 0.42 0.46 0.07 0.95 1.01 0.93  
0.25 0.25 0.25 0.25 0.52 0.60 0.15 1.14 1.15 1.34  
0.25 0.25 0.25 0.25 0.58 0.08 0.03 1.31 1.15 1.23  
0.25 0.25 0.25 0.25 1.54 0.28 0.59 0.84 0.92 0.71  
0.25 0.25 0.25 0.25 1.93 0.09 0.05 1.72 1.66 1.47  
0.25 0.25 0.25 0.25 0.27 0.56 0.09 0.67 0.90 0.74  
0.25 0.25 0.25 0.25 0.19 0.50 0.06 1.16 1.21 1.28  
0.25 0.25 0.25 0.25 0.84 1.04 0.25 0.95 0.87 0.88  
0.25 0.25 0.25 0.25 0.71 1.20 1.97 1.28 1.17 1.13  
0.25 0.25 0.25 0.25 0.47 1.16 0.67 0.93 0.97 1.07  
0.25 0.25 0.25 0.25 0.45 0.39 0.54 1.19 1.05 1.14  
0.25 0.25 0.25 0.25 0.58 0.33 1.51 0.75 0.81 0.80  
0.25 0.25 0.25 0.25 0.59 0.04 0.33 0.75 0.85 0.73  
0.25 0.25 0.25 0.25 1.35 0.17 1.72 0.95 1.10 1.02  
0.25 0.25 0.25 0.25 0.19 0.84 0.93 1.12 1.31 1.39  
0.25 0.25 0.25 0.25 0.80 0.12 0.66 1.36 1.38 1.29  
0.25 0.25 0.25 0.25 0.17 0.64 0.04 0.80 0.93 0.96  
0.25 0.25 0.25 0.25 0.19 0.32 0.31 1.27 1.10 1.08  
0.25 0.25 0.25 0.25 0.34 0.28 0.39 1.28 1.26 1.30  
0.25 0.25 0.25 0.25 0.55 0.16 0.84 1.79 1.85 1.62  
0.25 0.25 0.25 0.25 0.79 0.62 0.26 1.42 1.50 1.63  
0.25 0.25 0.25 0.25 0.04 0.77 0.33 1.23 1.38 1.26  
0.25 0.25 0.25 0.25 0.88 0.47 0.36 1.16 1.26 1.44  
0.25 0.25 0.25 0.25 1.33 0.31 0.88 0.81 0.55 0.73  
0.25 0.25 0.25 0.25 0.18 0.04 0.12 0.96 0.91 0.91  
0.25 0.25 0.25 0.25 0.24 0.55 0.04 0.78 0.73 0.70  
0.25 0.25 0.25 0.25 0.14 0.06 0.63 0.61 0.72 0.64  
0.25 0.25 0.25 0.25 0.81 0.19 0.79 0.89 0.80 0.80  
0.25 0.25 0.25 0.25 0.35 0.18 0.17 1.62 1.69 1.83  
0.25 0.25 0.25 0.25 0.27 0.65 0.24 0.86 0.89 0.96  
0.25 0.25 0.25 0.25 0.48 0.35 0.34 1.02 1.10 1.05  
0.25 0.25 0.25 0.25 0.39 0.61 0.09 1.06 1.14 1.13  
0.25 0.25 0.25 0.25 0.39 0.04 0.06 1.60 1.59 1.53  
0.25 0.25 0.25 0.25 0.90 0.25 0.16 1.12 1.00 1.05  
0.25 0.25 0.25 0.25 0.71 0.08 0.14 0.93 0.81 0.88  
0.25 0.25 0.25 0.25 0.55 0.02 0.10 1.70 1.87 1.80  
0.25 0.25 0.25 0.25 0.26 0.09 0.40 0.50 0.43 0.36  
0.25 0.25 0.25 0.25 0.50 0.02 0.27 1.07 1.39 1.25  
0.25 0.25 0.25 0.25 0.34 0.03 0.24 0.70 0.52 0.60  
0.25 0.25 0.25 0.25 0.30 0.36 0.07 0.65 0.57 0.64  
0.25 0.25 0.25 0.25 0.67 0.54 0.05 1.12 0.91 0.78  
0.25 0.25 0.25 0.25 0.34 0.58 0.13 0.49 0.44 0.56  
0.25 0.25 0.25 0.25 0.05 0.12 0.13 0.97 1.09 0.97  
0.25 0.25 0.25 0.25 0.52 0.14 0.08 0.98 1.16 1.20  
