0.23 0.21 0.21 0.35 2.42 2.42 2.36 2.41 2.42 2.41 2.40 2.35 
0.25 0.27 0.21 0.27 1.81 2.41 2.33 1.43 2.33 2.32 2.30 2.26 
0.32 0.22 0.20 0.26 1.44 2.20 2.22 1.08 2.32 2.33 2.33 2.32 
0.24 0.26 0.20 0.29 1.22 2.22 2.14 0.80 2.28 2.26 2.31 2.31 
0.39 0.20 0.20 0.21 0.96 2.11 2.13 0.71 2.32 2.37 2.28 2.32 
0.40 0.20 0.20 0.20 0.91 2.01 2.08 0.58 2.28 2.29 2.31 2.26 
0.38 0.20 0.22 0.20 0.76 2.06 1.98 0.44 2.25 2.25 2.31 2.27 
0.39 0.20 0.21 0.20 0.69 1.94 1.89 0.49 2.33 2.33 2.30 2.37 
0.38 0.20 0.21 0.20 0.61 1.92 1.85 0.32 2.32 2.30 2.27 2.31 
0.39 0.20 0.21 0.20 0.61 1.81 1.79 0.41 2.16 2.19 2.20 2.17 
0.39 0.20 0.21 0.20 0.66 1.76 1.78 0.47 2.31 2.29 2.29 2.35 
0.35 0.20 0.25 0.20 0.50 1.68 1.67 0.35 2.28 2.29 2.26 2.28 
0.21 0.20 0.39 0.20 0.48 1.74 1.58 0.29 2.24 2.24 2.26 2.18 
0.22 0.20 0.38 0.20 0.36 1.55 1.64 0.27 2.22 2.20 2.22 2.25 
0.21 0.20 0.39 0.20 0.47 1.50 1.52 0.39 2.16 2.23 2.20 2.19 
0.20 0.20 0.40 0.20 0.38 1.48 1.38 0.22 2.15 2.23 2.21 2.15 
0.33 0.20 0.27 0.20 0.30 1.46 1.48 0.35 2.16 2.17 2.14 2.13 
0.40 0.20 0.20 0.20 0.40 1.34 1.34 0.24 2.34 2.28 2.34 2.31 
0.40 0.20 0.20 0.20 0.44 1.34 1.28 0.30 2.18 2.20 2.19 2.20 
0.40 0.20 0.20 0.20 0.30 1.19 1.15 0.29 2.13 2.12 2.17 2.18 
0.38 0.20 0.22 0.20 0.27 1.28 1.14 0.24 2.25 2.23 2.22 2.22 
0.40 0.20 0.20 0.20 0.33 1.29 1.06 0.25 2.21 2.17 2.14 2.13 
0.40 0.20 0.20 0.20 0.31 1.22 1.00 0.18 2.14 2.12 2.10 2.11 
0.35 0.20 0.25 0.20 0.29 1.16 0.98 0.29 2.19 2.14 2.19 2.16 
0.40 0.20 0.20 0.20 0.30 1.18 0.89 0.15 2.13 2.14 2.12 2.17 
0.40 0.20 0.20 0.20 0.30 1.14 0.89 0.19 2.03 2.09 2.02 2.04 
0.40 0.20 0.20 0.20 0.23 1.10 0.82 0.18 2.14 2.07 2.13 2.11 
0.40 0.20 0.20 0.20 0.23 1.09 1.04 0.23 2.07 2.12 2.04 2.12 
0.40 0.20 0.20 0.20 0.15 1.03 0.94 0.17 2.07 2.03 2.03 2.04 
0.40 0.20 0.20 0.20 0.23 1.03 0.92 0.23 2.07 2.11 2.08 2.08 
0.40 0.20 0.20 0.20 0.24 0.99 0.77 0.16 2.05 2.07 2.02 2.03 
0.40 0.20 0.20 0.20 0.15 0.98 0.72 0.19 2.02 1.97 2.00 1.95 
0.40 0.20 0.20 0.20 0.30 1.13 0.68 0.14 2.11 2.08 2.12 2.10 
0.40 0.20 0.20 0.20 0.26 0.84 0.70 0.10 1.94 1.94 1.98 1.99 
0.40 0.20 0.20 0.20 0.22 0.84 0.69 0.14 2.05 2.10 2.14 2.10 
0.40 0.20 0.20 0.20 0.24 0.89 0.66 0.09 2.01 2.03 1.99 1.98 
0.29 0.20 0.31 0.20 0.20 0.80 0.74 0.15 2.03 2.09 2.09 2.10 
0.35 0.20 0.25 0.20 0.20 0.83 0.64 0.06 2.09 2.10 2.12 2.11 
0.22 0.20 0.38 0.20 0.18 0.80 0.65 0.13 2.01 1.97 2.00 1.99 
0.25 0.20 0.35 0.20 0.25 0.75 0.76 0.19 2.19 2.20 2.17 2.08 
0.22 0.20 0.38 0.20 0.23 0.80 0.70 0.10 2.06 2.08 2.05 2.06 
0.20 0.20 0.40 0.20 0.18 0.66 0.59 0.10 2.10 2.10 2.12 2.11 
0.20 0.20 0.40 0.20 0.26 0.83 0.62 0.11 1.98 2.00 1.94 2.02 
0.20 0.20 0.40 0.20 0.28 0.87 0.60 0.18 1.94 1.92 1.89 1.84 
0.26 0.20 0.34 0.20 0.21 0.84 0.49 0.09 2.06 2.10 2.10 2.12 
0.25 0.20 0.35 0.20 0.22 0.76 0.53 0.21 2.09 2.07 2.08 1.98 
0.20 0.20 0.40 0.20 0.17 0.95 0.52 0.10 1.83 1.84 1.86 1.88 
0.20 0.20 0.40 0.20 0.17 0.63 0.60 0.16 1.96 1.97 1.93 1.97 
0.20 0.20 0.40 0.20 0.14 0.74 0.49 0.15 1.99 1.98 2.00 1.98 
0.20 0.20 0.40 0.20 0.18 0.76 0.61 0.15 2.01 1.96 1.94 1.90 
0.20 0.20 0.40 0.20 0.21 0.81 0.58 0.13 1.86 1.87 1.85 1.83 
0.20 0.20 0.40 0.20 0.18 0.63 0.50 0.08 1.93 1.94 1.93 1.93 
0.21 0.20 0.39 0.20 0.19 0.55 0.51 0.18 1.92 1.96 1.93 1.92 
0.20 0.20 0.40 0.20 0.13 0.64 0.49 0.07 1.93 1.92 1.89 1.92 
0.20 0.20 0.40 0.20 0.17 0.61 0.48 0.11 1.92 1.87 1.85 1.86 
0.20 0.20 0.40 0.20 0.16 0.69 0.47 0.08 1.96 1.95 1.92 1.96 
0.20 0.20 0.40 0.20 0.18 0.51 0.40 0.15 1.94 1.88 1.89 1.86 
0.23 0.20 0.37 0.20 0.17 0.67 0.52 0.10 1.88 1.88 1.92 1.95 
0.24 0.20 0.36 0.20 0.12 0.57 0.51 0.15 1.94 1.90 1.92 1.88 
0.35 0.20 0.25 0.20 0.19 0.51 0.43 0.11 1.85 1.86 1.93 1.89 
0.21 0.20 0.39 0.20 0.26 0.62 0.51 0.14 1.93 1.95 1.94 1.84 
0.33 0.20 0.27 0.20 0.12 0.53 0.45 0.08 1.89 1.89 1.93 1.86 
0.23 0.20 0.37 0.20 0.18 0.45 0.46 0.05 1.93 1.94 1.92 1.92 
0.24 0.20 0.36 0.20 0.18 0.54 0.40 0.09 2.00 2.01 2.01 1.95 
0.21 0.20 0.39 0.20 0.13 0.49 0.46 0.05 1.78 1.79 1.75 1.72 
0.21 0.20 0.39 0.20 0.19 0.58 0.51 0.11 1.87 1.89 1.87 1.95 
0.20 0.20 0.40 0.20 0.14 0.47 0.53 0.03 1.90 1.93 1.91 1.91 
0.20 0.20 0.40 0.20 0.13 0.58 0.50 0.09 1.85 1.86 1.93 1.86 
0.21 0.20 0.39 0.20 0.19 0.42 0.34 0.13 1.70 1.73 1.70 1.75 
0.20 0.20 0.40 0.20 0.16 0.40 0.39 0.06 1.93 1.84 1.91 1.88 
0.21 0.20 0.39 0.20 0.24 0.41 0.54 0.06 1.83 1.88 1.84 1.91 
0.21 0.20 0.39 0.20 0.21 0.59 0.54 0.08 1.98 1.96 1.92 1.96 
0.21 0.20 0.39 0.20 0.07 0.44 0.39 0.11 1.88 1.89 1.90 1.92 
0.23 0.20 0.37 0.20 0.13 0.51 0.48 0.06 1.76 1.76 1.77 1.76 
0.21 0.20 0.39 0.20 0.10 0.50 0.46 0.12 1.78 1.80 1.78 1.82 
0.26 0.20 0.34 0.20 0.13 0.54 0.38 0.07 1.87 1.87 1.93 1.85 
0.20 0.20 0.40 0.20 0.13 0.51 0.43 0.11 1.83 1.83 1.85 1.85 
0.20 0.20 0.40 0.20 0.14 0.49 0.40 0.09 1.78 1.78 1.75 1.77 
0.20 0.20 0.40 0.20 0.11 0.36 0.45 0.11 1.80 1.83 1.85 1.85 
0.20 0.20 0.40 0.20 0.12 0.44 0.49 0.07 1.76 1.74 1.78 1.81 
0.20 0.20 0.40 0.20 0.09 0.49 0.49 0.05 1.99 1.99 1.98 1.91 
0.20 0.20 0.40 0.20 0.20 0.46 0.49 0.13 1.73 1.73 1.81 1.79 
0.20 0.20 0.40 0.20 0.16 0.46 0.29 0.04 1.79 1.80 1.80 1.84 
0.20 0.20 0.40 0.20 0.08 0.46 0.51 0.07 1.86 1.83 1.86 1.78 
0.20 0.20 0.40 0.20 0.12 0.49 0.42 0.05 1.70 1.74 1.74 1.71 
0.20 0.20 0.40 0.20 0.10 0.42 0.43 0.08 1.68 1.70 1.64 1.65 
0.20 0.20 0.40 0.20 0.12 0.38 0.35 0.07 1.81 1.83 1.87 1.88 
0.20 0.20 0.40 0.20 0.12 0.33 0.44 0.14 1.82 1.77 1.80 1.79 
0.21 0.20 0.39 0.20 0.12 0.33 0.57 0.08 1.83 1.87 1.85 1.81 
0.21 0.20 0.39 0.20 0.09 0.34 0.49 0.10 1.85 1.84 1.88 1.92 
0.31 0.20 0.26 0.23 0.21 0.33 0.40 0.06 1.80 1.73 1.70 1.69 
0.22 0.20 0.37 0.21 0.13 0.40 0.39 0.03 1.80 1.75 1.72 1.81 
0.21 0.20 0.34 0.26 0.12 0.45 0.41 0.06 1.79 1.84 1.86 1.93 
0.20 0.20 0.21 0.39 0.13 0.47 0.36 0.03 1.67 1.71 1.75 1.72 
0.21 0.20 0.21 0.39 0.11 0.47 0.32 0.07 1.80 1.76 1.73 1.74 
0.20 0.20 0.20 0.40 0.10 0.45 0.25 0.02 1.81 1.74 1.72 1.75 
0.20 0.20 0.21 0.39 0.21 0.42 0.46 0.05 1.84 1.76 1.82 1.83 
0.20 0.20 0.20 0.40 0.12 0.53 0.35 0.06 1.61 1.60 1.67 1.63 
0.20 0.20 0.20 0.40 0.16 0.51 0.24 0.07 1.69 1.69 1.68 1.74 
0.20 0.20 0.20 0.40 0.07 0.30 0.41 0.06 1.65 1.68 1.69 1.71 
0.20 0.20 0.20 0.40 0.08 0.46 0.32 0.07 1.76 1.75 1.73 1.70 
0.20 0.20 0.20 0.40 0.14 0.39 0.33 0.08 1.67 1.72 1.68 1.71 
0.20 0.20 0.20 0.40 0.09 0.40 0.33 0.16 1.72 1.74 1.75 1.74 
0.20 0.20 0.20 0.40 0.08 0.35 0.33 0.07 1.81 1.86 1.83 1.89 
0.20 0.20 0.20 0.40 0.08 0.42 0.33 0.11 1.78 1.76 1.80 1.76 
0.20 0.20 0.20 0.40 0.10 0.33 0.34 0.09 1.75 1.74 1.76 1.69 
0.20 0.20 0.20 0.40 0.13 0.36 0.35 0.10 1.86 1.87 1.79 1.86 
0.20 0.20 0.20 0.40 0.19 0.30 0.46 0.07 1.71 1.67 1.72 1.71 
0.20 0.20 0.20 0.40 0.10 0.39 0.28 0.05 1.64 1.67 1.63 1.60 
0.20 0.20 0.20 0.40 0.07 0.38 0.43 0.09 1.77 1.76 1.83 1.78 
0.21 0.20 0.21 0.38 0.10 0.35 0.31 0.12 1.76 1.73 1.76 1.80 
0.23 0.20 0.24 0.32 0.07 0.35 0.27 0.10 1.90 1.87 1.87 1.86 
0.29 0.20 0.20 0.31 0.08 0.27 0.37 0.07 1.76 1.75 1.75 1.75 
0.29 0.20 0.20 0.31 0.13 0.39 0.24 0.14 1.73 1.71 1.69 1.70 
0.25 0.20 0.20 0.35 0.08 0.32 0.29 0.06 1.75 1.78 1.75 1.74 
0.28 0.20 0.20 0.32 0.10 0.34 0.23 0.05 1.87 1.86 1.92 1.93 
0.34 0.20 0.20 0.26 0.09 0.31 0.27 0.09 1.73 1.72 1.73 1.77 
0.31 0.20 0.20 0.28 0.08 0.27 0.29 0.06 1.82 1.76 1.78 1.78 
0.37 0.20 0.20 0.23 0.14 0.25 0.30 0.09 1.75 1.76 1.73 1.77 
0.34 0.20 0.20 0.26 0.11 0.41 0.29 0.09 1.68 1.72 1.69 1.72 
0.37 0.20 0.20 0.23 0.14 0.37 0.20 0.09 1.72 1.70 1.76 1.75 
0.37 0.20 0.20 0.23 0.10 0.33 0.30 0.05 1.80 1.71 1.78 1.77 
0.37 0.20 0.20 0.23 0.08 0.34 0.35 0.06 1.72 1.73 1.66 1.66 
0.24 0.20 0.20 0.36 0.13 0.29 0.36 0.12 1.90 1.89 1.97 1.92 
0.20 0.20 0.20 0.40 0.21 0.31 0.23 0.07 1.69 1.68 1.73 1.70 
0.20 0.20 0.20 0.40 0.11 0.31 0.29 0.13 1.74 1.76 1.76 1.76 
0.20 0.20 0.20 0.40 0.09 0.36 0.25 0.05 1.64 1.70 1.65 1.72 
0.20 0.20 0.20 0.40 0.06 0.31 0.42 0.06 1.81 1.85 1.79 1.84 
0.20 0.20 0.20 0.40 0.15 0.38 0.26 0.05 1.80 1.85 1.77 1.85 
0.20 0.20 0.20 0.40 0.06 0.41 0.22 0.07 1.80 1.84 1.77 1.83 
0.20 0.20 0.20 0.40 0.09 0.33 0.35 0.06 1.73 1.74 1.68 1.66 
0.20 0.20 0.20 0.40 0.10 0.26 0.36 0.11 1.81 1.83 1.78 1.81 
0.20 0.20 0.20 0.40 0.11 0.30 0.34 0.07 1.80 1.81 1.82 1.80 
0.20 0.20 0.20 0.40 0.10 0.28 0.35 0.11 1.69 1.71 1.67 1.71 
0.25 0.20 0.20 0.35 0.15 0.20 0.24 0.07 1.64 1.61 1.57 1.62 
0.25 0.20 0.20 0.35 0.16 0.32 0.31 0.07 1.80 1.86 1.79 1.80 
0.23 0.20 0.20 0.37 0.08 0.28 0.32 0.06 1.75 1.77 1.81 1.72 
0.23 0.20 0.20 0.37 0.10 0.37 0.30 0.04 1.86 1.94 1.91 1.87 
0.28 0.20 0.20 0.32 0.14 0.41 0.38 0.08 1.65 1.70 1.71 1.68 
0.33 0.20 0.20 0.27 0.12 0.24 0.39 0.09 1.87 1.80 1.79 1.83 
0.34 0.20 0.20 0.26 0.17 0.21 0.27 0.06 1.77 1.80 1.78 1.72 
0.39 0.20 0.20 0.21 0.12 0.30 0.25 0.05 1.74 1.67 1.69 1.69 
0.40 0.20 0.20 0.20 0.13 0.29 0.24 0.09 1.74 1.68 1.64 1.65 
0.40 0.20 0.20 0.20 0.11 0.29 0.22 0.04 1.76 1.75 1.76 1.78 
0.40 0.20 0.20 0.20 0.06 0.32 0.24 0.03 1.63 1.61 1.60 1.65 
0.40 0.20 0.20 0.20 0.07 0.48 0.24 0.06 1.71 1.74 1.71 1.73 
0.40 0.20 0.20 0.20 0.06 0.25 0.31 0.05 1.85 1.89 1.82 1.88 
0.40 0.20 0.20 0.20 0.07 0.28 0.25 0.06 1.70 1.66 1.75 1.66 
0.40 0.20 0.20 0.20 0.07 0.24 0.33 0.06 1.69 1.69 1.66 1.65 
0.40 0.20 0.20 0.20 0.05 0.37 0.27 0.06 1.71 1.70 1.70 1.80 
0.34 0.20 0.20 0.26 0.11 0.33 0.35 0.04 1.69 1.71 1.68 1.66 
0.28 0.20 0.20 0.32 0.16 0.23 0.33 0.05 1.68 1.69 1.69 1.73 
0.26 0.20 0.20 0.34 0.08 0.29 0.23 0.09 1.80 1.81 1.71 1.77 
0.23 0.20 0.20 0.37 0.09 0.30 0.32 0.05 1.71 1.77 1.74 1.80 
0.20 0.20 0.20 0.40 0.10 0.36 0.28 0.09 1.71 1.77 1.73 1.76 
0.23 0.20 0.20 0.37 0.10 0.28 0.29 0.04 1.57 1.58 1.55 1.64 
0.37 0.20 0.20 0.23 0.10 0.24 0.30 0.05 1.65 1.75 1.67 1.68 
0.35 0.20 0.20 0.25 0.05 0.25 0.30 0.03 1.77 1.79 1.78 1.82 
0.31 0.20 0.20 0.29 0.12 0.24 0.25 0.04 1.84 1.83 1.80 1.90 
0.34 0.20 0.20 0.26 0.09 0.29 0.28 0.05 1.69 1.74 1.68 1.73 
0.25 0.20 0.20 0.35 0.06 0.14 0.36 0.10 1.61 1.61 1.61 1.58 
0.21 0.20 0.20 0.39 0.06 0.36 0.32 0.04 1.58 1.57 1.59 1.58 
0.25 0.20 0.20 0.35 0.17 0.31 0.28 0.07 1.87 1.89 1.86 1.86 
0.35 0.20 0.20 0.25 0.13 0.26 0.20 0.05 1.95 1.95 1.95 1.98 
0.29 0.20 0.20 0.31 0.06 0.18 0.35 0.05 1.66 1.68 1.75 1.74 
0.22 0.20 0.20 0.38 0.08 0.35 0.20 0.05 1.50 1.57 1.57 1.50 
0.23 0.20 0.20 0.37 0.06 0.34 0.27 0.03 1.60 1.64 1.60 1.60 
0.20 0.20 0.20 0.40 0.05 0.24 0.19 0.06 1.66 1.62 1.68 1.70 
0.21 0.20 0.20 0.39 0.11 0.22 0.27 0.10 1.77 1.74 1.74 1.74 
0.27 0.20 0.20 0.33 0.05 0.24 0.35 0.04 1.65 1.66 1.66 1.69 
0.39 0.20 0.20 0.21 0.06 0.35 0.30 0.03 1.73 1.75 1.69 1.73 
0.39 0.20 0.20 0.21 0.09 0.34 0.26 0.07 1.68 1.72 1.69 1.70 
0.32 0.20 0.20 0.28 0.15 0.27 0.23 0.03 1.72 1.70 1.68 1.73 
0.34 0.20 0.20 0.26 0.05 0.25 0.31 0.03 1.60 1.63 1.58 1.68 
0.36 0.20 0.20 0.24 0.04 0.33 0.28 0.04 1.58 1.58 1.60 1.60 
0.39 0.20 0.20 0.21 0.09 0.27 0.25 0.04 1.83 1.83 1.80 1.83 
0.35 0.20 0.20 0.25 0.10 0.28 0.24 0.05 1.64 1.64 1.64 1.70 
0.38 0.20 0.20 0.22 0.16 0.21 0.29 0.04 1.53 1.52 1.53 1.54 
0.37 0.20 0.20 0.23 0.09 0.25 0.15 0.05 1.70 1.70 1.78 1.79 
0.36 0.20 0.20 0.24 0.08 0.26 0.26 0.03 1.68 1.66 1.66 1.66 
0.38 0.20 0.20 0.22 0.14 0.27 0.24 0.04 1.66 1.66 1.67 1.60 
0.30 0.20 0.20 0.30 0.06 0.24 0.25 0.07 1.68 1.71 1.69 1.70 
0.21 0.20 0.20 0.39 0.09 0.30 0.23 0.04 1.69 1.64 1.66 1.68 
0.21 0.20 0.20 0.39 0.08 0.24 0.19 0.07 1.83 1.80 1.84 1.84 
0.26 0.20 0.20 0.34 0.05 0.25 0.33 0.03 1.65 1.59 1.65 1.63 
0.21 0.20 0.20 0.39 0.11 0.26 0.37 0.04 1.57 1.63 1.62 1.60 
0.20 0.20 0.20 0.40 0.08 0.21 0.31 0.03 1.69 1.61 1.61 1.65 
0.22 0.20 0.20 0.38 0.04 0.21 0.27 0.03 1.81 1.78 1.73 1.82 
0.34 0.20 0.20 0.26 0.13 0.41 0.29 0.04 1.72 1.76 1.76 1.72 
0.36 0.20 0.20 0.24 0.13 0.28 0.30 0.07 1.81 1.88 1.80 1.83 
0.32 0.20 0.20 0.28 0.08 0.21 0.38 0.03 1.48 1.45 1.48 1.51 
0.26 0.20 0.20 0.34 0.07 0.25 0.22 0.06 1.82 1.75 1.85 1.76 
0.33 0.20 0.20 0.27 0.07 0.31 0.18 0.04 1.86 1.85 1.86 1.85 
0.38 0.20 0.20 0.22 0.11 0.34 0.18 0.03 1.59 1.58 1.54 1.51 
