0.25 0.25 0.25 0.25 1.89 1.81 2.01 2.02 2.13 2.57  
0.25 0.25 0.25 0.25 2.31 1.49 1.60 1.85 1.64 1.47  
0.25 0.25 0.25 0.25 1.79 1.85 1.89 1.55 1.61 1.31  
0.25 0.25 0.25 0.25 1.49 1.10 1.26 1.47 1.48 1.48  
0.25 0.25 0.25 0.25 1.07 1.49 0.68 1.53 1.41 1.44  
0.25 0.25 0.25 0.25 1.01 1.06 1.42 1.72 1.44 1.61  
0.25 0.25 0.25 0.25 1.11 1.04 0.76 1.32 1.25 1.14  
0.25 0.25 0.25 0.25 0.87 1.08 1.17 1.39 1.28 1.43  
0.25 0.25 0.25 0.25 0.54 1.09 0.90 1.13 1.01 1.02  
0.25 0.25 0.25 0.25 1.04 0.54 0.67 1.34 1.19 1.32  
0.25 0.25 0.25 0.25 0.90 0.70 1.05 1.47 1.39 1.38  
0.25 0.25 0.25 0.25 0.84 1.47 2.41 1.48 1.29 1.07  
0.25 0.25 0.25 0.25 0.77 1.68 0.62 1.45 1.27 1.39  
0.25 0.25 0.25 0.25 0.27 1.11 1.00 1.14 1.23 1.24  
0.25 0.25 0.25 0.25 0.61 0.77 0.88 1.23 1.24 1.27  
0.25 0.25 0.25 0.25 2.09 0.28 0.93 1.21 1.14 1.04  
0.25 0.25 0.25 0.25 1.86 1.15 1.08 1.00 0.88 0.98  
0.25 0.25 0.25 0.25 1.26 0.25 0.85 1.01 0.99 1.07  
0.25 0.25 0.25 0.25 1.10 0.38 0.97 0.89 0.81 0.88  
0.25 0.25 0.25 0.25 0.62 0.46 1.66 1.11 1.14 1.07  
0.25 0.25 0.25 0.25 0.86 1.01 0.85 0.95 0.83 0.94  
0.25 0.25 0.25 0.25 1.15 0.41 0.87 1.31 1.16 1.19  
0.25 0.25 0.25 0.25 0.63 0.85 0.88 0.88 0.98 1.02  
0.25 0.25 0.25 0.25 0.74 0.85 0.35 0.90 0.96 0.99  
0.25 0.25 0.25 0.25 0.44 1.32 1.21 1.05 1.12 1.03  
0.25 0.25 0.25 0.25 0.68 0.75 0.17 1.13 1.09 1.16  
0.25 0.25 0.25 0.25 0.30 1.07 0.19 1.54 1.55 1.61  
0.25 0.25 0.25 0.25 0.39 0.85 0.49 1.57 1.64 1.70  
0.25 0.25 0.25 0.25 0.40 0.95 0.89 1.27 1.37 1.48  
0.25 0.25 0.25 0.25 0.27 0.90 0.85 1.47 1.56 1.51  
0.25 0.25 0.25 0.25 0.54 1.02 0.92 1.09 1.00 0.88  
0.25 0.25 0.25 0.25 0.21 0.41 1.15 0.96 1.00 0.91  
0.25 0.25 0.25 0.25 0.15 0.43 0.65 1.10 0.92 1.05  
0.25 0.25 0.25 0.25 0.96 0.16 0.83 1.51 1.44 1.45  
0.25 0.25 0.25 0.25 0.62 0.23 0.33 1.72 1.64 1.47  
0.25 0.25 0.25 0.25 1.14 0.12 0.93 1.41 1.27 1.32  
0.25 0.25 0.25 0.25 1.14 0.84 1.62 1.34 1.72 1.51  
0.25 0.25 0.25 0.25 1.40 0.32 0.21 1.32 1.43 1.36  
0.25 0.25 0.25 0.25 0.52 1.14 0.24 1.16 1.31 1.46  
0.25 0.25 0.25 0.25 1.69 1.45 0.73 1.08 1.17 1.15  
0.25 0.25 0.25 0.25 0.79 1.43 0.71 1.49 1.30 1.38  
0.25 0.25 0.25 0.25 0.76 0.72 0.87 1.32 1.46 1.50  
0.25 0.25 0.25 0.25 0.71 0.45 0.76 1.18 1.08 1.10  
0.25 0.25 0.25 0.25 0.40 0.26 0.69 1.42 1.55 1.42  
0.25 0.25 0.25 0.25 0.41 0.15 0.09 0.83 0.74 0.69  
0.25 0.25 0.25 0.25 0.68 0.11 0.55 1.23 1.19 1.29  
0.25 0.25 0.25 0.25 0.52 1.17 0.54 1.44 1.38 1.50  
0.25 0.25 0.25 0.25 0.72 0.11 0.98 1.00 0.87 0.95  
0.25 0.25 0.25 0.25 0.52 0.65 0.63 1.53 1.63 1.44  
0.25 0.25 0.25 0.25 0.80 0.25 0.24 1.00 0.86 0.89  
0.25 0.25 0.25 0.25 0.75 0.19 0.13 1.01 1.17 0.98  
0.25 0.25 0.25 0.25 0.55 1.26 0.92 0.84 0.83 1.00  
0.25 0.25 0.25 0.25 0.23 0.57 1.01 0.94 0.85 0.84  
0.25 0.25 0.25 0.25 0.73 0.06 0.37 1.24 1.07 1.18  
0.25 0.25 0.25 0.25 0.43 0.15 0.23 0.90 0.89 0.95  
0.25 0.25 0.25 0.25 0.32 1.45 0.49 0.93 0.97 0.80  
0.25 0.25 0.25 0.25 0.83 0.24 0.04 1.18 1.30 1.21  
0.25 0.25 0.25 0.25 0.24 0.19 0.32 1.10 0.97 1.09  
0.25 0.25 0.25 0.25 0.82 0.38 0.11 1.41 1.24 1.39  
0.25 0.25 0.25 0.25 0.28 0.97 0.25 0.86 0.85 0.99  
0.25 0.25 0.25 0.25 0.38 1.23 0.27 0.94 0.76 0.73  
0.25 0.25 0.25 0.25 0.07 1.13 0.09 1.00 1.03 0.84  
0.25 0.25 0.25 0.25 1.38 0.23 0.18 1.20 1.33 1.33  
0.25 0.25 0.25 0.25 1.29 0.12 0.12 1.13 1.21 1.40  
0.25 0.25 0.25 0.25 0.11 0.49 0.10 0.71 0.54 0.56  
0.25 0.25 0.25 0.25 0.69 0.56 0.35 1.49 1.60 1.63  
0.25 0.25 0.25 0.25 0.67 0.10 0.63 1.04 1.08 0.99  
0.25 0.25 0.25 0.25 0.44 0.08 0.22 1.70 1.40 1.44  
0.25 0.25 0.25 0.25 0.34 0.52 0.17 0.88 0.95 0.87  
0.25 0.25 0.25 0.25 0.55 0.49 0.14 0.97 1.11 1.44  
0.25 0.25 0.25 0.25 0.67 0.14 0.04 1.18 1.09 1.21  
0.25 0.25 0.25 0.25 1.15 0.18 0.35 0.66 0.75 0.67  
0.25 0.25 0.25 0.25 1.73 0.11 0.04 1.44 1.23 1.22  
0.25 0.25 0.25 0.25 0.09 0.52 0.04 0.87 0.87 0.91  
0.25 0.25 0.25 0.25 0.24 0.19 0.29 1.26 1.20 1.16  
0.25 0.25 0.25 0.25 1.40 1.02 0.33 0.90 0.75 0.62  
0.25 0.25 0.25 0.25 0.78 0.82 2.40 1.06 1.05 0.88  
0.25 0.25 0.25 0.25 0.32 0.90 0.46 1.09 1.04 0.99  
0.25 0.25 0.25 0.25 0.25 0.29 0.44 1.17 0.97 1.12  
0.25 0.25 0.25 0.25 0.25 0.21 1.43 0.88 0.90 0.75  
0.25 0.25 0.25 0.25 0.68 0.03 0.28 0.77 0.68 0.75  
0.25 0.25 0.25 0.25 0.86 0.17 1.30 1.08 1.11 1.03  
0.25 0.25 0.25 0.25 0.16 0.69 0.59 1.09 1.23 1.31  
0.25 0.25 0.25 0.25 0.95 0.10 0.40 1.44 1.40 1.41  
0.25 0.25 0.25 0.25 0.10 0.56 0.09 0.82 0.91 0.90  
0.25 0.25 0.25 0.25 0.24 0.20 0.26 1.19 1.14 1.15  
0.25 0.25 0.25 0.25 0.21 0.11 0.25 1.28 1.36 1.35  
0.25 0.25 0.25 0.25 0.71 0.33 0.68 1.73 1.59 1.46  
0.25 0.25 0.25 0.25 0.53 0.42 0.24 1.34 1.34 1.54  
0.25 0.25 0.25 0.25 0.04 0.34 0.26 1.17 1.15 1.12  
0.25 0.25 0.25 0.25 0.72 0.36 0.39 1.16 1.34 1.48  
0.25 0.25 0.25 0.25 1.21 0.44 0.36 0.81 0.60 0.76  
0.25 0.25 0.25 0.25 0.36 0.09 0.05 0.95 0.96 0.89  
0.25 0.25 0.25 0.25 0.22 0.42 0.04 0.86 0.83 0.89  
0.25 0.25 0.25 0.25 0.36 0.04 0.66 0.55 0.61 0.68  
0.25 0.25 0.25 0.25 0.95 0.14 0.39 1.00 0.97 0.98  
0.25 0.25 0.25 0.25 0.18 0.11 0.12 1.69 1.76 1.76  
0.25 0.25 0.25 0.25 0.39 0.60 0.08 0.96 0.86 1.07  
0.25 0.25 0.25 0.25 0.32 0.31 0.20 1.15 1.11 1.13  
0.25 0.25 0.25 0.25 0.35 0.42 0.13 1.01 0.94 1.05  
0.25 0.25 0.25 0.25 0.45 0.02 0.06 1.59 1.64 1.59  
0.25 0.25 0.25 0.25 0.96 0.29 0.05 1.06 1.07 1.12  
0.25 0.25 0.25 0.25 0.67 0.05 0.08 1.02 0.84 0.89  
0.25 0.25 0.25 0.25 0.56 0.02 0.05 1.72 1.87 1.98  
0.25 0.25 0.25 0.25 0.31 0.07 0.24 0.60 0.54 0.49  
0.25 0.25 0.25 0.25 0.39 0.06 0.34 1.01 1.33 1.26  
0.25 0.25 0.25 0.25 0.21 0.01 0.10 0.74 0.58 0.62  
0.25 0.25 0.25 0.25 0.14 0.11 0.15 0.80 0.75 0.80  
0.25 0.25 0.25 0.25 0.63 0.29 0.06 1.29 1.11 0.87  
0.25 0.25 0.25 0.25 0.63 0.28 0.12 0.40 0.56 0.52  
0.25 0.25 0.25 0.25 0.03 0.04 0.29 0.96 1.05 1.02  
0.25 0.25 0.25 0.25 0.29 0.14 0.11 0.87 1.04 1.00  
