0.25 0.25 0.24 0.25 1.90 1.96 2.05 2.13 2.03 1.96  
0.30 0.22 0.24 0.24 1.16 1.86 1.10 1.42 1.38 1.48  
0.31 0.23 0.23 0.24 0.92 1.32 0.90 1.19 1.32 1.25  
0.29 0.24 0.23 0.24 0.88 0.89 0.79 1.31 1.30 1.25  
0.32 0.23 0.21 0.24 0.75 0.78 0.64 1.19 1.31 1.27  
0.35 0.22 0.20 0.23 0.52 0.71 0.58 0.95 0.93 0.98  
0.36 0.22 0.20 0.22 0.44 0.83 0.71 1.14 1.14 1.16  
0.37 0.21 0.20 0.22 0.53 0.80 0.46 1.06 1.07 1.19  
0.36 0.21 0.21 0.22 0.48 0.57 0.46 1.22 1.22 1.27  
0.37 0.21 0.21 0.22 0.61 0.33 0.40 1.13 1.11 1.25  
0.37 0.20 0.21 0.22 0.49 0.41 0.47 1.33 1.35 1.40  
0.37 0.20 0.21 0.22 0.65 0.57 0.48 1.16 1.18 1.23  
0.38 0.20 0.21 0.21 1.19 0.66 0.36 1.22 1.12 1.13  
0.38 0.20 0.21 0.21 0.41 0.21 0.39 1.35 1.29 1.18  
0.38 0.20 0.21 0.21 0.49 0.43 0.41 1.25 1.20 1.19  
0.38 0.20 0.20 0.21 0.72 0.27 0.39 1.04 1.01 1.06  
0.38 0.20 0.20 0.21 0.33 0.43 0.18 0.88 0.85 0.88  
