0.25 0.25 0.25 0.25 1.89 1.81 2.01 2.02 2.13 2.57  
0.25 0.25 0.25 0.25 2.31 1.49 1.60 1.85 1.65 1.47  
0.25 0.25 0.25 0.25 1.79 1.85 1.88 1.55 1.61 1.31  
0.25 0.25 0.25 0.25 1.48 1.11 1.25 1.46 1.46 1.48  
0.25 0.25 0.25 0.25 1.09 1.47 0.67 1.58 1.46 1.52  
0.25 0.25 0.25 0.25 1.01 1.06 1.51 1.68 1.47 1.64  
0.25 0.25 0.25 0.25 1.13 1.02 0.74 1.34 1.24 1.16  
0.25 0.25 0.25 0.25 0.88 1.05 1.15 1.40 1.28 1.45  
0.25 0.25 0.25 0.25 0.52 1.14 0.88 1.10 1.02 1.05  
0.25 0.25 0.25 0.25 1.04 0.56 0.62 1.42 1.24 1.33  
0.25 0.25 0.25 0.25 1.00 0.62 0.98 1.46 1.39 1.43  
0.25 0.25 0.25 0.25 1.30 1.40 2.61 1.56 1.34 1.05  
0.25 0.25 0.25 0.25 0.88 1.87 0.79 1.40 1.22 1.33  
0.25 0.25 0.25 0.25 0.27 1.37 1.01 1.06 1.11 1.21  
0.25 0.25 0.25 0.25 0.75 1.15 0.92 1.27 1.21 1.31  
0.25 0.25 0.25 0.25 2.24 0.31 1.10 1.08 1.09 1.00  
0.25 0.25 0.25 0.25 1.98 1.27 0.98 1.01 0.88 0.96  
0.25 0.25 0.25 0.25 1.58 0.42 0.54 1.08 0.95 1.04  
0.25 0.25 0.25 0.25 1.39 0.74 1.12 0.91 0.83 0.84  
0.25 0.25 0.25 0.25 0.80 0.45 1.98 1.13 1.02 1.01  
0.25 0.25 0.25 0.25 0.79 1.08 1.02 0.83 0.76 0.80  
0.25 0.25 0.25 0.25 0.95 0.65 0.68 1.23 1.18 1.14  
0.25 0.25 0.25 0.25 0.78 0.93 1.08 0.82 0.91 1.04  
0.25 0.25 0.25 0.25 0.68 0.72 0.25 0.91 0.97 0.80  
0.25 0.25 0.25 0.25 0.48 1.43 1.02 0.94 1.07 0.98  
0.25 0.25 0.25 0.25 0.65 0.67 0.22 1.03 0.98 1.08  
0.25 0.25 0.25 0.25 0.24 0.91 0.12 1.59 1.44 1.51  
0.25 0.25 0.25 0.25 0.45 0.98 0.44 1.57 1.63 1.67  
0.25 0.25 0.25 0.25 0.41 1.01 0.81 1.29 1.19 1.42  
0.25 0.25 0.25 0.25 0.29 0.76 0.63 1.31 1.38 1.53  
0.25 0.25 0.25 0.25 0.43 0.81 0.86 0.75 0.80 0.75  
0.25 0.25 0.25 0.25 0.20 0.46 1.39 0.77 0.85 0.87  
0.25 0.25 0.25 0.25 0.20 0.35 0.57 1.04 0.95 0.90  
0.25 0.25 0.25 0.25 1.07 0.19 0.85 1.62 1.44 1.48  
0.25 0.25 0.25 0.25 0.36 0.35 0.28 1.52 1.64 1.57  
0.25 0.25 0.25 0.25 1.19 0.28 0.81 1.43 1.24 1.22  
0.25 0.25 0.25 0.25 1.47 1.16 1.46 1.35 1.69 1.55  
0.25 0.25 0.25 0.25 1.15 0.36 0.20 1.22 1.49 1.31  
0.25 0.25 0.25 0.25 0.51 0.82 0.37 1.33 1.41 1.40  
0.25 0.25 0.25 0.25 1.74 1.26 0.60 1.02 1.05 0.99  
0.25 0.25 0.25 0.25 0.80 1.18 0.73 1.30 1.07 1.35  
0.25 0.25 0.25 0.25 0.68 0.52 1.40 1.19 1.23 1.32  
0.25 0.25 0.25 0.25 0.76 0.82 0.65 1.15 1.05 1.06  
0.25 0.25 0.25 0.25 0.43 0.29 0.72 1.37 1.59 1.33  
0.25 0.25 0.25 0.25 0.54 0.10 0.14 0.73 0.76 0.72  
0.25 0.25 0.25 0.25 0.56 0.16 0.66 1.37 1.17 1.33  
0.25 0.25 0.25 0.25 0.43 1.18 0.72 1.33 1.29 1.46  
0.25 0.25 0.25 0.25 0.75 0.11 1.24 0.84 0.71 0.89  
0.25 0.25 0.25 0.25 0.61 0.63 0.83 1.57 1.45 1.50  
0.25 0.25 0.25 0.25 0.86 0.21 0.26 0.89 0.96 0.85  
0.25 0.25 0.25 0.25 0.80 0.18 0.19 0.80 0.97 0.92  
0.25 0.25 0.25 0.25 0.54 0.93 1.10 0.76 0.80 0.94  
0.25 0.25 0.25 0.25 0.42 0.79 0.75 0.75 0.79 0.81  
0.25 0.25 0.25 0.25 0.60 0.13 0.48 1.22 1.04 1.06  
0.25 0.25 0.25 0.25 0.55 0.19 0.39 0.94 0.85 1.01  
0.25 0.25 0.25 0.25 0.35 1.80 0.40 0.97 1.00 0.85  
