0.24 0.24 0.27 0.24 1.91 2.08 1.98 2.11 1.83 1.56  
0.25 0.25 0.26 0.24 1.05 1.07 1.13 1.38 1.43 1.39  
0.22 0.28 0.28 0.22 0.76 0.94 0.86 1.21 1.24 1.22  
0.21 0.27 0.30 0.22 0.54 0.77 0.77 1.20 1.27 1.19  
0.20 0.24 0.33 0.22 0.45 0.53 0.51 1.20 1.18 1.09  
0.20 0.26 0.31 0.22 0.44 0.46 0.41 1.23 1.29 1.31  
0.20 0.27 0.30 0.22 0.67 0.44 0.51 0.94 0.94 1.01  
0.21 0.28 0.28 0.23 0.40 0.43 0.49 1.15 1.10 1.06  
0.22 0.33 0.23 0.23 0.18 0.48 0.28 1.00 1.04 1.13  
0.25 0.30 0.21 0.23 0.27 0.27 0.21 1.10 1.10 1.09  
0.37 0.21 0.21 0.21 0.28 0.30 0.18 1.06 1.02 1.02  
0.36 0.20 0.22 0.21 0.33 0.23 0.17 0.99 1.01 1.01  
0.30 0.20 0.29 0.21 0.22 0.20 0.18 1.17 1.20 1.15  
0.26 0.23 0.29 0.22 0.19 0.17 0.17 0.97 0.96 0.90  
0.28 0.25 0.25 0.22 0.26 0.23 0.18 1.16 1.16 1.12  
0.29 0.23 0.27 0.22 0.22 0.19 0.18 1.08 1.11 1.15  
0.26 0.23 0.29 0.22 0.16 0.16 0.11 1.03 1.01 1.01  
0.28 0.21 0.30 0.21 0.15 0.10 0.06 1.09 1.05 1.08  
0.26 0.21 0.32 0.21 0.28 0.09 0.10 0.93 1.00 1.01  
0.25 0.24 0.29 0.22 0.22 0.10 0.12 1.04 0.97 0.97  
0.22 0.30 0.26 0.22 0.14 0.13 0.07 1.16 1.20 1.21  
0.23 0.26 0.30 0.21 0.19 0.08 0.13 0.99 0.96 1.01  
0.22 0.29 0.27 0.22 0.16 0.08 0.06 0.94 0.97 0.90  
0.22 0.27 0.30 0.21 0.11 0.06 0.07 0.92 0.98 0.97  
0.27 0.26 0.25 0.22 0.10 0.06 0.08 0.87 0.94 0.93  
0.26 0.24 0.28 0.21 0.08 0.05 0.04 0.81 0.81 0.82  
0.22 0.23 0.34 0.21 0.08 0.06 0.07 0.93 0.94 0.90  
0.21 0.23 0.35 0.21 0.07 0.10 0.08 1.08 1.09 1.12  
0.21 0.22 0.36 0.21 0.07 0.05 0.05 1.25 1.27 1.28  
0.20 0.20 0.39 0.21 0.08 0.07 0.04 1.00 0.92 0.93  
0.24 0.20 0.36 0.21 0.07 0.04 0.04 1.16 1.21 1.17  
0.23 0.20 0.36 0.21 0.05 0.06 0.04 1.02 0.98 1.02  
0.30 0.20 0.29 0.20 0.06 0.03 0.04 1.01 1.05 1.03  
0.32 0.20 0.28 0.20 0.06 0.03 0.03 0.96 0.94 0.95  
0.35 0.20 0.24 0.20 0.07 0.05 0.02 1.10 1.08 1.08  
0.37 0.20 0.22 0.20 0.04 0.04 0.03 1.16 1.10 1.10  
0.38 0.20 0.21 0.20 0.05 0.04 0.05 0.89 0.91 0.91  
0.38 0.21 0.21 0.21 0.04 0.04 0.03 0.98 1.03 1.08  
0.38 0.21 0.21 0.21 0.06 0.09 0.05 1.16 1.17 1.16  
0.39 0.21 0.20 0.20 0.07 0.04 0.04 0.81 0.84 0.90  
0.39 0.21 0.20 0.20 0.05 0.03 0.03 0.95 0.98 0.99  
0.39 0.21 0.20 0.20 0.05 0.04 0.04 1.05 1.04 1.07  
0.39 0.21 0.20 0.20 0.05 0.02 0.03 0.88 0.84 0.90  
0.38 0.22 0.20 0.20 0.05 0.03 0.04 0.97 0.96 0.97  
0.39 0.21 0.20 0.20 0.03 0.03 0.04 1.19 1.16 1.16  
0.39 0.20 0.20 0.20 0.02 0.03 0.04 1.01 0.99 0.98  
0.39 0.21 0.20 0.20 0.03 0.02 0.03 0.91 0.96 0.96  
0.38 0.21 0.20 0.20 0.05 0.02 0.02 1.07 1.00 1.06  
0.38 0.22 0.20 0.20 0.02 0.01 0.02 1.07 1.02 1.04  
0.34 0.26 0.20 0.20 0.03 0.02 0.02 0.99 0.96 1.00  
0.31 0.28 0.20 0.20 0.03 0.03 0.03 1.07 1.13 1.12  
0.32 0.28 0.20 0.20 0.03 0.02 0.02 0.98 0.92 0.92  
0.37 0.23 0.20 0.20 0.03 0.02 0.03 0.81 0.76 0.75  
0.37 0.23 0.20 0.20 0.02 0.02 0.02 1.21 1.19 1.14  
0.39 0.21 0.20 0.20 0.04 0.02 0.01 0.88 0.92 0.89  
0.36 0.24 0.20 0.20 0.02 0.02 0.03 1.00 1.03 1.02  
0.36 0.24 0.20 0.20 0.03 0.01 0.02 1.05 1.05 0.99  
0.38 0.22 0.20 0.20 0.02 0.01 0.02 0.97 1.01 1.02  
0.38 0.21 0.20 0.20 0.02 0.02 0.01 0.81 0.82 0.90  
0.39 0.21 0.20 0.20 0.02 0.01 0.02 1.17 1.15 1.13  
0.39 0.20 0.20 0.20 0.03 0.02 0.02 0.80 0.82 0.81  
0.39 0.21 0.20 0.20 0.02 0.01 0.02 0.97 0.92 1.01  
0.37 0.22 0.20 0.20 0.02 0.02 0.03 1.22 1.15 1.18  
0.37 0.22 0.20 0.20 0.02 0.02 0.02 0.89 0.97 0.97  
0.37 0.23 0.20 0.20 0.02 0.02 0.01 1.07 1.08 1.14  
0.35 0.25 0.20 0.20 0.02 0.01 0.02 1.06 1.02 1.10  
0.29 0.30 0.20 0.21 0.02 0.01 0.01 0.98 1.01 1.00  
0.30 0.29 0.20 0.21 0.02 0.01 0.02 0.93 0.94 0.97  
0.37 0.23 0.20 0.20 0.02 0.02 0.02 0.83 0.87 0.83  
0.36 0.23 0.20 0.20 0.01 0.01 0.01 1.11 1.10 1.08  
0.38 0.22 0.20 0.20 0.03 0.02 0.02 0.79 0.78 0.81  
0.38 0.22 0.20 0.20 0.02 0.01 0.02 0.92 0.97 0.94  
0.37 0.21 0.21 0.20 0.02 0.04 0.01 1.02 1.00 1.09  
0.35 0.24 0.20 0.21 0.01 0.02 0.01 0.99 0.99 0.99  
0.38 0.22 0.20 0.20 0.02 0.02 0.01 0.95 0.92 0.93  
0.38 0.21 0.20 0.20 0.01 0.02 0.01 0.99 0.96 0.96  
0.38 0.21 0.20 0.20 0.02 0.01 0.01 0.91 0.98 0.96  
0.39 0.20 0.21 0.20 0.02 0.02 0.02 1.05 0.98 1.06  
0.37 0.20 0.22 0.20 0.02 0.01 0.02 0.94 0.95 0.91  
0.33 0.20 0.27 0.20 0.01 0.01 0.02 0.90 0.86 0.93  
0.27 0.20 0.33 0.20 0.02 0.01 0.01 1.09 1.12 1.03  
0.22 0.20 0.37 0.20 0.02 0.01 0.01 0.97 0.93 0.97  
0.22 0.21 0.36 0.20 0.02 0.01 0.01 1.04 1.11 1.09  
0.21 0.21 0.38 0.20 0.01 0.01 0.01 0.87 0.86 0.76  
0.21 0.20 0.38 0.20 0.02 0.02 0.01 0.88 0.88 0.89  
0.24 0.22 0.34 0.21 0.01 0.02 0.01 1.07 1.04 1.07  
0.23 0.21 0.36 0.20 0.01 0.01 0.01 1.00 1.01 1.03  
0.21 0.27 0.32 0.20 0.02 0.01 0.01 1.04 1.01 1.01  
0.21 0.24 0.35 0.20 0.02 0.01 0.01 1.11 1.16 1.15  
0.20 0.24 0.36 0.20 0.01 0.02 0.01 1.21 1.25 1.20  
0.20 0.21 0.39 0.20 0.01 0.01 0.02 1.00 1.05 1.04  
0.20 0.21 0.39 0.20 0.01 0.01 0.01 0.98 1.00 1.01  
0.20 0.20 0.39 0.20 0.01 0.01 0.01 0.86 0.85 0.89  
0.20 0.20 0.39 0.20 0.01 0.02 0.01 0.75 0.71 0.73  
0.20 0.21 0.39 0.20 0.01 0.01 0.01 0.95 0.89 0.94  
0.21 0.20 0.39 0.20 0.01 0.01 0.01 0.89 0.87 0.85  
0.20 0.32 0.28 0.20 0.01 0.01 0.01 0.96 1.03 1.02  
0.20 0.26 0.33 0.20 0.01 0.01 0.03 1.01 0.99 1.02  
0.21 0.27 0.32 0.20 0.01 0.01 0.01 0.98 0.95 1.00  
0.20 0.24 0.36 0.20 0.01 0.01 0.01 1.03 0.99 0.98  
0.20 0.22 0.38 0.20 0.01 0.01 0.01 0.95 0.86 0.97  
0.20 0.20 0.40 0.20 0.01 0.01 0.01 1.01 1.00 0.97  
0.20 0.20 0.40 0.20 0.01 0.01 0.01 0.82 0.87 0.86  
0.20 0.20 0.40 0.20 0.01 0.01 0.01 1.04 1.11 1.09  
0.20 0.20 0.40 0.20 0.01 0.01 0.01 0.93 1.00 1.00  
0.20 0.20 0.40 0.20 0.01 0.01 0.01 1.07 1.13 1.02  
0.20 0.20 0.40 0.20 0.01 0.01 0.01 1.06 1.14 1.07  
0.20 0.20 0.40 0.20 0.01 0.01 0.02 0.95 0.88 1.01  
0.20 0.20 0.40 0.20 0.02 0.01 0.01 0.99 0.93 0.94  
0.20 0.20 0.40 0.20 0.01 0.01 0.01 0.89 0.83 0.86  
0.20 0.20 0.40 0.20 0.01 0.01 0.01 1.03 0.98 0.97  
0.20 0.20 0.40 0.20 0.02 0.01 0.01 0.89 0.85 0.87  
0.20 0.20 0.40 0.20 0.01 0.00 0.01 0.88 0.93 0.83  
0.20 0.20 0.40 0.20 0.01 0.01 0.01 1.04 1.05 1.04  
0.20 0.20 0.40 0.20 0.01 0.01 0.01 0.88 0.90 0.90  
0.20 0.20 0.40 0.20 0.01 0.01 0.01 0.94 0.94 0.95  
0.20 0.20 0.40 0.20 0.01 0.01 0.01 1.22 1.17 1.21  
0.20 0.20 0.40 0.20 0.01 0.01 0.01 0.93 0.91 0.93  
0.20 0.20 0.40 0.20 0.01 0.01 0.01 0.95 0.98 0.98  
0.20 0.20 0.40 0.20 0.01 0.01 0.01 1.14 1.13 1.18  
0.20 0.20 0.40 0.20 0.01 0.01 0.00 0.89 0.92 0.94  
0.20 0.20 0.40 0.20 0.01 0.01 0.01 0.83 0.87 0.84  
0.20 0.20 0.40 0.20 0.01 0.01 0.01 0.92 0.96 0.99  
0.20 0.20 0.40 0.20 0.01 0.00 0.01 1.00 1.02 1.00  
0.20 0.20 0.40 0.20 0.01 0.01 0.01 0.98 0.98 0.99  
0.20 0.20 0.40 0.20 0.01 0.00 0.01 0.86 0.86 0.82  
0.20 0.20 0.40 0.20 0.01 0.01 0.01 0.96 0.95 0.98  
0.20 0.20 0.40 0.20 0.01 0.01 0.01 1.26 1.33 1.29  
0.20 0.20 0.40 0.20 0.01 0.01 0.01 1.06 1.11 1.08  
0.20 0.21 0.39 0.20 0.01 0.00 0.01 0.98 0.97 0.92  
0.20 0.20 0.40 0.20 0.01 0.01 0.01 1.16 1.14 1.09  
0.20 0.20 0.40 0.20 0.01 0.01 0.01 1.21 1.13 1.17  
0.20 0.21 0.39 0.20 0.01 0.00 0.01 0.78 0.75 0.77  
0.20 0.20 0.40 0.20 0.01 0.01 0.01 1.07 1.08 1.08  
0.20 0.20 0.40 0.20 0.01 0.01 0.01 0.89 0.86 0.83  
0.20 0.20 0.40 0.20 0.01 0.00 0.01 0.77 0.84 0.84  
0.20 0.22 0.38 0.20 0.01 0.01 0.01 1.09 1.01 1.01  
0.20 0.24 0.36 0.20 0.01 0.00 0.01 0.85 0.81 0.83  
0.20 0.24 0.36 0.20 0.01 0.00 0.01 0.97 0.94 0.96  
0.20 0.25 0.35 0.20 0.01 0.00 0.01 1.05 1.04 1.06  
0.20 0.23 0.37 0.20 0.01 0.01 0.01 1.04 1.09 1.03  
0.20 0.27 0.33 0.20 0.01 0.00 0.00 1.12 1.13 1.13  
0.20 0.23 0.37 0.20 0.01 0.01 0.01 0.86 0.86 0.97  
0.20 0.30 0.30 0.20 0.01 0.00 0.00 0.95 0.99 0.96  
0.20 0.33 0.27 0.20 0.01 0.01 0.01 0.86 0.91 0.86  
0.20 0.34 0.26 0.20 0.01 0.01 0.00 1.05 1.08 1.13  
0.20 0.33 0.27 0.20 0.01 0.01 0.01 1.02 1.03 0.97  
0.20 0.31 0.29 0.20 0.01 0.00 0.01 0.93 0.90 0.93  
0.20 0.33 0.27 0.20 0.00 0.01 0.01 0.90 0.91 0.89  
0.20 0.29 0.31 0.20 0.01 0.01 0.01 1.03 1.15 1.08  
0.20 0.29 0.31 0.20 0.01 0.01 0.01 0.83 0.89 0.92  
0.20 0.30 0.30 0.20 0.01 0.04 0.01 1.00 0.98 0.97  
0.20 0.27 0.33 0.20 0.01 0.02 0.01 0.82 0.86 0.88  
0.20 0.29 0.31 0.20 0.00 0.01 0.00 1.00 0.97 0.97  
0.20 0.34 0.26 0.20 0.03 0.01 0.01 0.94 0.99 1.02  
0.20 0.36 0.24 0.20 0.01 0.01 0.00 0.81 0.81 0.82  
0.20 0.33 0.27 0.20 0.01 0.01 0.00 0.96 0.95 0.92  
0.20 0.37 0.23 0.20 0.01 0.01 0.01 0.93 1.02 0.96  
0.20 0.40 0.20 0.20 0.00 0.00 0.01 1.18 1.16 1.14  
0.20 0.38 0.22 0.20 0.01 0.00 0.00 1.21 1.22 1.17  
0.20 0.37 0.23 0.20 0.01 0.01 0.01 0.99 0.99 1.04  
0.20 0.38 0.22 0.20 0.00 0.00 0.01 1.03 1.13 1.09  
0.20 0.40 0.20 0.20 0.00 0.01 0.01 1.06 1.04 1.04  
0.20 0.40 0.20 0.20 0.00 0.01 0.00 0.83 0.90 0.90  
0.20 0.40 0.20 0.20 0.01 0.01 0.00 0.94 0.97 0.91  
0.20 0.40 0.20 0.20 0.00 0.00 0.00 0.91 0.91 0.84  
0.20 0.40 0.20 0.20 0.01 0.01 0.00 0.97 0.97 0.97  
0.20 0.37 0.23 0.20 0.01 0.00 0.01 0.89 1.01 0.91  
0.20 0.33 0.27 0.20 0.01 0.00 0.00 1.01 0.98 0.99  
0.20 0.26 0.34 0.20 0.00 0.00 0.00 0.80 0.84 0.83  
0.20 0.24 0.36 0.20 0.00 0.00 0.01 1.05 1.07 1.08  
0.20 0.26 0.34 0.20 0.00 0.00 0.00 0.97 0.99 1.02  
0.20 0.24 0.36 0.20 0.00 0.01 0.01 0.94 0.91 0.89  
0.20 0.30 0.30 0.20 0.01 0.01 0.01 1.10 1.13 1.14  
0.20 0.27 0.33 0.20 0.00 0.01 0.00 1.15 1.05 1.07  
0.20 0.29 0.31 0.20 0.01 0.00 0.00 0.77 0.80 0.75  
0.20 0.24 0.36 0.20 0.00 0.00 0.01 1.16 1.13 1.18  
0.20 0.22 0.38 0.20 0.01 0.00 0.01 0.97 1.06 1.04  
0.20 0.21 0.39 0.20 0.00 0.01 0.00 1.03 1.03 0.99  
0.20 0.22 0.38 0.20 0.00 0.00 0.01 0.97 0.97 0.98  
0.20 0.21 0.39 0.20 0.01 0.00 0.00 1.09 1.08 1.10  
0.20 0.21 0.39 0.20 0.00 0.00 0.01 1.11 1.07 1.09  
0.20 0.21 0.39 0.20 0.01 0.00 0.01 0.90 0.83 0.78  
0.20 0.20 0.40 0.20 0.00 0.00 0.00 0.78 0.81 0.83  
0.20 0.20 0.40 0.20 0.00 0.00 0.00 1.05 1.07 1.07  
0.20 0.22 0.38 0.20 0.01 0.01 0.00 1.07 1.09 1.09  
0.20 0.23 0.37 0.20 0.00 0.00 0.00 0.88 0.86 0.86  
0.20 0.28 0.32 0.20 0.00 0.01 0.00 0.94 0.94 0.95  
0.20 0.21 0.39 0.20 0.00 0.00 0.01 0.96 0.95 0.95  
0.20 0.25 0.35 0.20 0.00 0.00 0.01 1.17 1.13 1.08  
0.20 0.25 0.35 0.20 0.00 0.00 0.00 0.97 0.94 0.94  
0.20 0.22 0.38 0.20 0.01 0.00 0.01 0.81 0.86 0.85  
0.20 0.22 0.38 0.20 0.00 0.00 0.01 0.89 0.87 0.90  
0.20 0.21 0.39 0.20 0.00 0.00 0.01 0.70 0.72 0.73  
0.20 0.21 0.39 0.20 0.01 0.01 0.01 0.99 0.99 0.99  
0.20 0.21 0.39 0.20 0.00 0.00 0.00 1.04 0.99 0.99  
0.20 0.20 0.40 0.20 0.01 0.00 0.00 1.05 0.99 1.04  
0.20 0.21 0.39 0.20 0.00 0.01 0.00 1.24 1.22 1.16  
0.20 0.22 0.38 0.20 0.00 0.00 0.00 1.13 1.13 1.15  
0.20 0.21 0.39 0.20 0.00 0.00 0.00 0.94 0.95 0.93  
0.20 0.20 0.40 0.20 0.00 0.00 0.00 0.99 1.05 1.03  
0.20 0.20 0.40 0.20 0.00 0.00 0.00 1.03 1.01 1.02  
0.20 0.21 0.39 0.20 0.00 0.01 0.00 1.29 1.21 1.15  
0.20 0.21 0.39 0.20 0.01 0.00 0.00 1.13 1.16 1.14  
0.20 0.21 0.39 0.20 0.01 0.01 0.00 1.04 0.98 0.99  
0.20 0.20 0.40 0.20 0.00 0.01 0.01 0.92 0.96 0.85  
0.20 0.21 0.39 0.20 0.00 0.00 0.00 0.74 0.74 0.68  
0.20 0.22 0.38 0.20 0.01 0.01 0.00 0.81 0.78 0.80  
0.20 0.21 0.39 0.20 0.01 0.00 0.00 1.05 1.10 1.10  
0.20 0.21 0.39 0.20 0.00 0.00 0.00 0.84 0.93 0.89  
0.20 0.20 0.40 0.20 0.00 0.00 0.01 0.96 0.99 0.99  
0.20 0.20 0.40 0.20 0.00 0.00 0.00 1.23 1.15 1.22  
0.20 0.20 0.40 0.20 0.01 0.00 0.00 0.96 0.98 0.94  
0.20 0.21 0.39 0.20 0.00 0.00 0.01 0.85 0.81 0.85  
0.20 0.21 0.39 0.20 0.00 0.00 0.01 0.93 0.87 0.96  
0.20 0.20 0.40 0.20 0.00 0.00 0.00 0.92 0.94 0.91  
0.20 0.21 0.39 0.20 0.01 0.01 0.00 0.89 0.94 0.94  
0.20 0.21 0.39 0.20 0.00 0.00 0.00 0.85 0.81 0.86  
0.20 0.26 0.34 0.20 0.00 0.00 0.00 1.00 0.95 1.01  
0.20 0.27 0.33 0.20 0.00 0.00 0.00 0.92 0.90 0.92  
0.20 0.26 0.34 0.20 0.00 0.00 0.00 1.00 1.06 1.06  
0.20 0.26 0.34 0.20 0.00 0.00 0.01 1.06 1.07 1.06  
0.20 0.29 0.31 0.20 0.00 0.00 0.00 0.88 0.89 0.86  
0.20 0.28 0.32 0.20 0.01 0.00 0.00 1.00 1.01 1.02  
0.20 0.27 0.33 0.20 0.00 0.01 0.00 1.06 1.03 1.08  
0.20 0.25 0.35 0.20 0.00 0.00 0.00 0.83 0.87 0.87  
0.20 0.27 0.33 0.20 0.00 0.00 0.00 0.84 0.85 0.80  
0.20 0.29 0.31 0.20 0.00 0.00 0.00 0.98 0.96 0.95  
0.20 0.26 0.34 0.20 0.00 0.00 0.01 1.11 1.13 1.07  
0.20 0.28 0.32 0.20 0.00 0.00 0.00 0.86 0.85 0.79  
0.20 0.38 0.22 0.20 0.00 0.00 0.00 1.03 1.02 1.05  
0.20 0.38 0.22 0.20 0.00 0.00 0.00 1.16 1.16 1.12  
0.20 0.34 0.26 0.20 0.00 0.01 0.00 0.97 1.01 1.01  
0.20 0.32 0.28 0.20 0.00 0.00 0.00 0.97 0.89 0.96  
0.20 0.35 0.25 0.20 0.00 0.00 0.00 1.10 1.11 1.10  
0.20 0.35 0.25 0.20 0.00 0.00 0.00 0.79 0.84 0.70  
0.20 0.35 0.25 0.20 0.00 0.00 0.00 0.73 0.72 0.77  
0.20 0.26 0.34 0.20 0.00 0.00 0.00 1.21 1.22 1.21  
0.20 0.24 0.36 0.20 0.00 0.00 0.01 1.02 0.96 1.10  
0.20 0.23 0.37 0.20 0.00 0.00 0.00 1.15 1.11 1.19  
0.20 0.23 0.37 0.20 0.00 0.00 0.00 0.91 0.88 0.88  
0.20 0.21 0.39 0.20 0.01 0.00 0.00 1.02 0.91 1.01  
0.20 0.21 0.39 0.20 0.00 0.00 0.00 0.98 1.03 1.00  
0.20 0.20 0.40 0.20 0.00 0.00 0.00 0.89 0.85 0.86  
0.20 0.21 0.39 0.20 0.00 0.00 0.00 0.81 0.84 0.82  
0.20 0.22 0.38 0.20 0.00 0.00 0.00 1.00 1.10 1.11  
0.20 0.21 0.39 0.20 0.00 0.00 0.00 1.00 0.99 0.94  
0.20 0.21 0.39 0.20 0.01 0.00 0.00 0.90 0.94 0.91  
0.20 0.21 0.39 0.20 0.00 0.00 0.00 0.98 0.92 0.89  
0.20 0.20 0.40 0.20 0.00 0.00 0.01 0.97 0.99 0.98  
0.20 0.20 0.40 0.20 0.00 0.00 0.00 0.94 0.92 0.99  
0.20 0.20 0.40 0.20 0.01 0.01 0.02 1.02 1.00 1.00  
0.20 0.20 0.40 0.20 0.00 0.00 0.01 1.13 1.06 1.10  
0.20 0.20 0.40 0.20 0.00 0.00 0.00 0.82 0.76 0.78  
0.20 0.20 0.40 0.20 0.00 0.00 0.00 1.03 0.94 0.97  
0.20 0.20 0.40 0.20 0.00 0.00 0.00 0.71 0.74 0.73  
0.20 0.20 0.40 0.20 0.00 0.00 0.01 1.03 1.02 0.97  
0.20 0.20 0.40 0.20 0.00 0.00 0.00 1.07 1.10 1.09  
0.20 0.20 0.40 0.20 0.00 0.01 0.01 0.82 0.78 0.78  
0.20 0.20 0.40 0.20 0.00 0.01 0.00 0.86 0.89 0.88  
0.20 0.20 0.40 0.20 0.00 0.00 0.00 1.12 1.06 1.04  
0.20 0.20 0.40 0.20 0.00 0.00 0.00 0.98 0.97 1.03  
0.20 0.20 0.40 0.20 0.00 0.00 0.00 1.04 1.08 1.05  
0.20 0.20 0.40 0.20 0.00 0.00 0.00 0.75 0.81 0.75  
0.20 0.20 0.40 0.20 0.00 0.00 0.00 1.16 1.20 1.17  
0.20 0.20 0.40 0.20 0.00 0.00 0.00 0.91 1.00 0.96  
0.20 0.21 0.39 0.20 0.00 0.00 0.00 0.89 0.98 0.97  
0.20 0.21 0.39 0.20 0.00 0.00 0.00 1.23 1.15 1.21  
0.20 0.22 0.38 0.20 0.01 0.00 0.00 0.80 0.82 0.78  
0.20 0.24 0.36 0.20 0.00 0.00 0.00 0.96 1.01 0.96  
0.20 0.26 0.34 0.20 0.00 0.00 0.00 1.12 1.06 1.09  
0.20 0.26 0.34 0.20 0.00 0.00 0.00 0.95 0.92 0.91  
0.20 0.22 0.38 0.20 0.00 0.00 0.00 0.92 0.87 0.86  
0.20 0.21 0.39 0.20 0.00 0.00 0.00 1.02 1.07 1.04  
0.20 0.20 0.40 0.20 0.00 0.00 0.00 1.10 1.07 1.02  
0.20 0.20 0.40 0.20 0.00 0.00 0.00 0.86 0.85 0.82  
0.20 0.20 0.40 0.20 0.00 0.00 0.00 0.81 0.90 0.91  
0.20 0.20 0.40 0.20 0.00 0.00 0.00 1.10 1.05 1.03  
0.20 0.22 0.38 0.20 0.00 0.00 0.00 1.12 1.11 1.17  
0.20 0.22 0.38 0.20 0.00 0.00 0.00 0.94 0.94 0.98  
0.20 0.21 0.39 0.20 0.00 0.00 0.00 0.99 0.95 0.95  
0.20 0.21 0.39 0.20 0.00 0.00 0.00 0.86 0.88 0.88  
0.20 0.21 0.39 0.20 0.00 0.00 0.00 1.01 1.02 1.03  
0.20 0.21 0.39 0.20 0.00 0.00 0.00 0.85 0.82 0.87  
0.20 0.22 0.38 0.20 0.00 0.00 0.00 0.88 0.89 0.88  
0.20 0.25 0.35 0.20 0.00 0.01 0.01 1.12 1.07 1.06  
0.20 0.25 0.35 0.20 0.00 0.00 0.00 0.99 0.96 0.94  
0.20 0.21 0.39 0.20 0.00 0.00 0.00 0.99 1.00 1.06  
0.20 0.22 0.38 0.20 0.00 0.00 0.00 0.81 0.83 0.85  
0.20 0.21 0.39 0.20 0.00 0.00 0.00 1.10 1.12 1.10  
0.20 0.21 0.39 0.20 0.00 0.00 0.00 0.88 0.86 0.85  
0.20 0.22 0.38 0.20 0.00 0.00 0.00 0.78 0.79 0.81  
0.20 0.25 0.35 0.20 0.00 0.00 0.00 0.97 0.97 0.98  
0.20 0.24 0.36 0.20 0.00 0.00 0.00 0.93 1.01 0.99  
0.20 0.25 0.35 0.20 0.00 0.00 0.00 1.37 1.38 1.35  
0.20 0.22 0.38 0.20 0.00 0.00 0.01 0.83 0.80 0.81  
0.20 0.21 0.39 0.20 0.00 0.00 0.00 1.12 1.08 1.13  
0.20 0.22 0.38 0.20 0.00 0.00 0.00 1.03 1.03 1.08  
0.20 0.22 0.38 0.20 0.00 0.00 0.00 0.77 0.79 0.83  
0.20 0.24 0.36 0.20 0.00 0.00 0.00 1.13 1.14 1.14  
0.20 0.23 0.37 0.20 0.00 0.00 0.00 0.77 0.83 0.81  
0.20 0.21 0.39 0.20 0.00 0.00 0.00 0.95 0.95 0.94  
0.20 0.21 0.39 0.20 0.00 0.00 0.00 1.21 1.22 1.23  
0.20 0.22 0.38 0.20 0.00 0.00 0.00 0.78 0.79 0.73  
0.20 0.23 0.37 0.20 0.00 0.00 0.00 0.99 0.95 0.97  
0.20 0.21 0.39 0.20 0.00 0.00 0.00 0.93 0.90 0.99  
0.20 0.28 0.32 0.20 0.00 0.00 0.00 1.12 1.13 1.11  
0.20 0.26 0.34 0.20 0.00 0.00 0.00 1.05 1.08 1.09  
0.20 0.22 0.38 0.20 0.00 0.00 0.00 1.04 1.05 1.02  
0.20 0.30 0.30 0.20 0.00 0.00 0.00 0.87 0.85 0.87  
0.20 0.36 0.24 0.20 0.00 0.00 0.00 1.07 0.99 0.97  
0.20 0.34 0.26 0.20 0.00 0.00 0.00 0.63 0.72 0.74  
0.20 0.32 0.28 0.20 0.00 0.00 0.00 0.75 0.80 0.81  
0.20 0.25 0.35 0.20 0.00 0.00 0.00 0.82 0.79 0.88  
0.20 0.24 0.36 0.20 0.00 0.00 0.00 1.04 1.12 1.11  
0.20 0.23 0.37 0.20 0.00 0.00 0.00 1.21 1.15 1.13  
0.20 0.31 0.29 0.20 0.00 0.00 0.00 0.82 0.87 0.83  
0.20 0.38 0.22 0.20 0.00 0.00 0.00 1.16 1.08 1.08  
0.20 0.39 0.21 0.20 0.00 0.00 0.00 1.06 1.05 1.12  
0.20 0.39 0.21 0.20 0.00 0.00 0.00 0.88 0.85 0.82  
0.20 0.39 0.21 0.20 0.00 0.00 0.01 0.83 0.85 0.86  
0.20 0.38 0.22 0.20 0.00 0.00 0.00 0.99 0.89 0.91  
0.20 0.37 0.23 0.20 0.00 0.00 0.00 0.80 0.82 0.78  
0.20 0.38 0.22 0.20 0.00 0.00 0.00 1.22 1.32 1.24  
0.20 0.40 0.20 0.20 0.00 0.00 0.00 0.90 0.88 0.94  
0.20 0.36 0.24 0.20 0.00 0.00 0.00 0.99 1.02 0.95  
0.20 0.34 0.26 0.20 0.00 0.00 0.00 1.13 1.18 1.19  
0.20 0.32 0.28 0.20 0.00 0.00 0.00 0.77 0.73 0.76  
0.20 0.36 0.24 0.20 0.00 0.00 0.00 1.00 1.00 1.01  
0.20 0.38 0.22 0.20 0.00 0.00 0.00 1.16 1.19 1.18  
0.20 0.38 0.22 0.20 0.00 0.00 0.00 1.08 1.05 1.05  
0.20 0.38 0.22 0.20 0.00 0.00 0.00 1.02 1.04 1.05  
0.20 0.36 0.24 0.20 0.00 0.00 0.00 0.86 0.87 0.90  
0.20 0.35 0.25 0.20 0.00 0.00 0.00 0.99 0.93 0.97  
0.20 0.37 0.23 0.20 0.00 0.00 0.00 1.02 1.00 0.95  
0.20 0.38 0.22 0.20 0.01 0.00 0.00 0.91 0.97 0.91  
0.20 0.37 0.23 0.20 0.00 0.00 0.00 0.77 0.76 0.76  
0.20 0.36 0.24 0.20 0.00 0.00 0.00 1.08 1.02 0.99  
0.20 0.33 0.27 0.20 0.00 0.00 0.00 0.87 0.86 0.86  
0.20 0.37 0.23 0.20 0.00 0.00 0.00 1.00 0.96 1.02  
0.20 0.40 0.20 0.20 0.00 0.00 0.00 1.19 1.18 1.14  
0.20 0.40 0.20 0.20 0.00 0.00 0.00 0.93 0.93 0.94  
0.20 0.40 0.20 0.20 0.00 0.00 0.00 0.84 0.81 0.82  
0.20 0.40 0.20 0.20 0.00 0.00 0.01 1.26 1.22 1.19  
0.20 0.39 0.21 0.20 0.00 0.00 0.00 0.83 0.83 0.84  
0.20 0.30 0.30 0.20 0.00 0.00 0.00 0.65 0.70 0.66  
0.20 0.33 0.27 0.20 0.01 0.00 0.00 0.86 0.87 0.89  
0.20 0.25 0.35 0.20 0.00 0.00 0.00 1.11 1.15 1.10  
0.20 0.22 0.38 0.20 0.00 0.00 0.00 1.17 1.13 1.13  
0.20 0.22 0.38 0.20 0.00 0.00 0.00 1.19 1.20 1.09  
0.20 0.21 0.39 0.20 0.00 0.00 0.00 0.95 0.94 0.97  
0.20 0.23 0.37 0.20 0.00 0.00 0.00 0.84 0.89 0.85  
0.20 0.20 0.40 0.20 0.00 0.00 0.00 1.10 1.10 1.21  
0.20 0.21 0.39 0.20 0.00 0.00 0.00 0.99 0.98 0.99  
0.20 0.20 0.40 0.20 0.00 0.00 0.00 1.16 1.19 1.13  
0.20 0.20 0.40 0.20 0.00 0.00 0.00 0.95 0.97 0.91  
0.20 0.20 0.40 0.20 0.00 0.00 0.00 0.91 0.90 0.92  
0.20 0.20 0.40 0.20 0.00 0.00 0.00 0.81 0.74 0.75  
0.20 0.20 0.40 0.20 0.00 0.00 0.00 1.07 1.05 1.05  
0.20 0.20 0.40 0.20 0.00 0.00 0.00 0.88 0.97 0.91  
0.20 0.20 0.40 0.20 0.00 0.00 0.00 1.26 1.29 1.24  
0.20 0.20 0.40 0.20 0.00 0.00 0.00 0.90 0.93 0.91  
0.20 0.20 0.40 0.20 0.00 0.00 0.01 1.14 1.13 1.15  
0.20 0.20 0.40 0.20 0.00 0.00 0.00 1.18 1.22 1.26  
0.20 0.20 0.40 0.20 0.00 0.00 0.00 1.05 1.07 1.08  
0.20 0.20 0.40 0.20 0.00 0.00 0.00 0.73 0.68 0.73  
0.20 0.20 0.40 0.20 0.00 0.00 0.00 0.73 0.63 0.70  
0.20 0.20 0.40 0.20 0.00 0.00 0.00 0.90 0.96 0.94  
0.20 0.20 0.40 0.20 0.00 0.00 0.00 0.94 0.96 0.96  
0.20 0.20 0.40 0.20 0.00 0.00 0.00 1.09 1.03 1.06  
0.20 0.20 0.40 0.20 0.00 0.00 0.00 1.00 1.09 1.09  
0.20 0.20 0.40 0.20 0.00 0.01 0.00 0.81 0.81 0.78  
0.20 0.20 0.40 0.20 0.00 0.00 0.00 0.96 0.97 0.95  
0.20 0.20 0.40 0.20 0.00 0.00 0.00 1.02 1.00 1.03  
0.20 0.20 0.40 0.20 0.00 0.00 0.00 0.95 1.00 0.99  
0.20 0.20 0.40 0.20 0.00 0.00 0.00 0.97 1.01 0.97  
0.20 0.20 0.40 0.20 0.00 0.01 0.00 1.10 1.09 1.14  
0.20 0.20 0.40 0.20 0.00 0.00 0.00 1.10 1.14 1.11  
0.20 0.20 0.40 0.20 0.00 0.00 0.00 1.01 0.98 0.99  
0.20 0.22 0.38 0.20 0.00 0.00 0.00 0.89 0.87 0.94  
0.20 0.21 0.39 0.20 0.00 0.00 0.01 0.98 1.02 1.07  
0.20 0.21 0.39 0.20 0.00 0.00 0.00 0.73 0.84 0.75  
0.20 0.23 0.37 0.20 0.00 0.00 0.00 1.11 1.10 1.14  
0.20 0.21 0.39 0.20 0.00 0.00 0.00 0.93 0.85 0.91  
0.20 0.21 0.39 0.20 0.00 0.00 0.01 0.88 0.90 0.98  
0.20 0.20 0.40 0.20 0.00 0.00 0.00 0.99 0.94 0.96  
0.20 0.20 0.40 0.20 0.00 0.00 0.00 1.16 1.18 1.14  
0.20 0.20 0.40 0.20 0.00 0.00 0.00 1.17 1.10 1.18  
0.20 0.20 0.40 0.20 0.00 0.00 0.00 0.97 0.86 0.89  
0.20 0.20 0.40 0.20 0.01 0.01 0.00 0.95 0.95 0.94  
0.20 0.20 0.40 0.20 0.00 0.00 0.00 0.84 0.84 0.81  
0.20 0.20 0.40 0.20 0.00 0.00 0.00 1.20 1.16 1.14  
0.20 0.20 0.40 0.20 0.00 0.00 0.00 1.07 1.09 1.13  
0.20 0.20 0.40 0.20 0.00 0.00 0.00 0.94 0.99 1.03  
0.20 0.20 0.40 0.20 0.00 0.00 0.00 0.81 0.79 0.77  
0.20 0.20 0.40 0.20 0.00 0.01 0.00 1.02 1.02 1.07  
0.20 0.20 0.40 0.20 0.00 0.00 0.00 0.89 0.92 0.84  
0.20 0.20 0.40 0.20 0.00 0.00 0.01 1.11 1.12 1.08  
0.20 0.20 0.40 0.20 0.00 0.00 0.00 0.98 0.97 1.01  
0.20 0.20 0.40 0.20 0.01 0.00 0.00 0.87 0.89 0.84  
