0.24 0.26 0.25 0.25 2.40 2.42 2.36 2.41 2.33 2.33 2.34 2.36 
0.24 0.23 0.29 0.25 2.28 2.30 2.33 1.49 2.14 2.10 2.06 2.08 
0.23 0.25 0.28 0.25 2.22 2.27 2.22 1.15 2.02 2.06 2.01 2.02 
0.23 0.24 0.26 0.27 2.18 2.15 2.14 0.93 1.97 2.00 2.02 1.97 
0.23 0.25 0.25 0.28 2.14 2.22 2.13 0.78 1.93 1.85 1.92 1.88 
0.22 0.26 0.26 0.25 2.08 2.28 2.08 0.55 1.75 1.74 1.74 1.79 
0.23 0.26 0.24 0.26 1.93 2.20 1.98 0.55 1.72 1.71 1.69 1.71 
0.24 0.30 0.21 0.25 1.88 2.20 1.89 0.64 1.77 1.74 1.77 1.76 
0.25 0.30 0.21 0.24 1.82 2.18 1.84 0.42 1.69 1.69 1.73 1.67 
0.27 0.26 0.22 0.26 1.86 2.03 1.79 0.37 1.55 1.52 1.55 1.55 
0.33 0.22 0.21 0.23 1.80 1.96 1.80 0.34 1.51 1.45 1.49 1.48 
0.36 0.21 0.21 0.23 1.74 2.15 1.65 0.41 1.53 1.50 1.49 1.48 
0.38 0.20 0.22 0.20 1.62 1.98 1.56 0.26 1.51 1.47 1.47 1.46 
0.38 0.21 0.21 0.20 1.66 1.98 1.64 0.30 1.45 1.42 1.46 1.43 
0.38 0.21 0.21 0.20 1.56 1.87 1.51 0.33 1.43 1.40 1.43 1.39 
0.39 0.20 0.20 0.20 1.51 1.91 1.38 0.27 1.37 1.33 1.33 1.30 
0.39 0.20 0.21 0.20 1.50 1.91 1.46 0.22 1.35 1.34 1.35 1.28 
0.39 0.20 0.21 0.20 1.47 1.85 1.30 0.33 1.25 1.28 1.25 1.24 
0.40 0.20 0.20 0.20 1.34 1.72 1.27 0.28 1.31 1.27 1.25 1.25 
0.40 0.20 0.20 0.20 1.41 1.82 1.17 0.22 1.14 1.13 1.12 1.14 
0.40 0.20 0.20 0.20 1.26 1.68 1.12 0.28 1.17 1.16 1.18 1.14 
0.39 0.20 0.20 0.20 1.31 1.65 1.07 0.32 1.08 1.05 1.06 1.03 
0.39 0.20 0.20 0.20 1.14 1.63 1.01 0.28 1.02 1.02 1.02 1.05 
0.40 0.20 0.20 0.20 1.35 1.69 1.02 0.22 1.02 1.04 1.05 1.04 
0.40 0.20 0.20 0.20 1.25 1.58 0.87 0.20 1.10 1.10 1.07 1.09 
0.40 0.20 0.20 0.20 1.10 1.44 0.90 0.16 1.05 1.00 1.05 0.98 
0.40 0.20 0.20 0.20 1.25 1.63 0.79 0.16 0.98 0.97 0.93 0.93 
0.40 0.20 0.20 0.20 1.10 1.55 0.97 0.20 0.92 0.92 0.90 0.90 
0.40 0.20 0.20 0.20 1.12 1.43 0.87 0.16 0.90 0.90 0.89 0.86 
0.40 0.20 0.20 0.20 1.09 1.37 0.87 0.18 0.95 0.97 0.91 0.95 
0.40 0.20 0.20 0.20 0.95 1.49 0.76 0.19 0.94 0.93 0.94 0.93 
0.40 0.20 0.20 0.20 0.94 1.25 0.70 0.16 0.86 0.86 0.87 0.85 
0.40 0.20 0.20 0.20 0.98 1.45 0.67 0.17 0.86 0.83 0.83 0.86 
0.40 0.20 0.20 0.20 0.88 1.66 0.72 0.15 0.86 0.87 0.87 0.83 
0.40 0.20 0.20 0.20 0.88 1.37 0.73 0.14 0.81 0.83 0.81 0.83 
0.40 0.20 0.20 0.20 0.94 1.23 0.75 0.16 0.81 0.80 0.80 0.77 
0.40 0.20 0.20 0.20 0.92 1.39 0.80 0.32 0.83 0.80 0.79 0.79 
0.40 0.20 0.20 0.20 0.89 1.16 0.63 0.13 0.71 0.72 0.72 0.73 
0.40 0.20 0.20 0.20 0.79 1.17 0.62 0.13 0.78 0.75 0.78 0.75 
0.40 0.20 0.20 0.20 0.84 1.13 0.73 0.12 0.63 0.65 0.65 0.68 
0.40 0.20 0.20 0.20 0.74 1.19 0.67 0.16 0.84 0.82 0.82 0.84 
0.40 0.20 0.20 0.20 0.80 1.06 0.60 0.11 0.65 0.66 0.66 0.67 
0.40 0.20 0.20 0.20 0.83 1.25 0.63 0.12 0.77 0.73 0.74 0.74 
0.40 0.20 0.20 0.20 0.69 1.13 0.61 0.18 0.78 0.81 0.78 0.76 
0.40 0.20 0.20 0.20 0.83 1.01 0.50 0.11 0.66 0.66 0.67 0.66 
0.40 0.20 0.20 0.20 0.77 1.14 0.53 0.09 0.72 0.75 0.71 0.74 
0.40 0.20 0.20 0.20 0.67 1.32 0.51 0.20 0.67 0.61 0.62 0.63 
0.40 0.20 0.20 0.20 0.60 0.97 0.61 0.16 0.64 0.59 0.65 0.59 
0.39 0.20 0.20 0.21 0.76 0.98 0.49 0.11 0.57 0.55 0.57 0.55 
0.39 0.20 0.20 0.21 0.65 0.99 0.61 0.14 0.68 0.69 0.66 0.66 
0.40 0.20 0.20 0.20 0.67 1.04 0.57 0.21 0.74 0.72 0.70 0.72 
0.40 0.20 0.20 0.20 0.60 0.90 0.51 0.15 0.60 0.61 0.62 0.63 
0.40 0.20 0.20 0.20 0.63 1.02 0.50 0.12 0.56 0.55 0.53 0.52 
0.40 0.20 0.20 0.20 0.73 0.98 0.49 0.09 0.54 0.58 0.55 0.58 
0.40 0.20 0.20 0.20 0.65 1.02 0.52 0.08 0.58 0.58 0.56 0.56 
0.40 0.20 0.20 0.20 0.66 0.99 0.48 0.07 0.62 0.63 0.62 0.63 
0.40 0.20 0.20 0.20 0.66 1.07 0.42 0.15 0.68 0.63 0.64 0.65 
0.40 0.20 0.20 0.20 0.60 0.84 0.52 0.08 0.63 0.64 0.61 0.63 
0.40 0.20 0.20 0.20 0.54 0.93 0.50 0.10 0.57 0.53 0.54 0.53 
0.40 0.20 0.20 0.20 0.64 0.95 0.43 0.10 0.59 0.60 0.60 0.61 
0.40 0.20 0.20 0.20 0.64 0.97 0.50 0.10 0.57 0.57 0.56 0.56 
0.40 0.20 0.20 0.20 0.61 1.01 0.43 0.10 0.55 0.56 0.53 0.54 
0.40 0.20 0.20 0.20 0.55 1.03 0.45 0.08 0.57 0.54 0.55 0.54 
0.40 0.20 0.20 0.20 0.45 0.89 0.38 0.09 0.54 0.54 0.55 0.54 
0.40 0.20 0.20 0.20 0.55 0.97 0.45 0.09 0.52 0.52 0.53 0.52 
0.40 0.20 0.20 0.20 0.73 1.18 0.52 0.24 0.58 0.56 0.54 0.54 
0.40 0.20 0.20 0.20 0.55 0.97 0.54 0.08 0.51 0.52 0.53 0.52 
0.40 0.20 0.20 0.20 0.52 0.89 0.47 0.08 0.53 0.52 0.51 0.50 
0.40 0.20 0.20 0.20 0.57 0.89 0.34 0.07 0.49 0.51 0.51 0.50 
0.40 0.20 0.20 0.20 0.55 0.81 0.39 0.12 0.58 0.58 0.56 0.59 
0.40 0.20 0.20 0.20 0.52 0.80 0.56 0.06 0.61 0.61 0.64 0.59 
0.40 0.20 0.20 0.20 0.57 0.97 0.58 0.07 0.42 0.41 0.41 0.40 
0.40 0.20 0.20 0.20 0.53 0.87 0.41 0.13 0.51 0.51 0.51 0.49 
0.40 0.20 0.20 0.20 0.52 0.87 0.48 0.07 0.45 0.42 0.41 0.42 
0.40 0.20 0.20 0.20 0.58 0.94 0.47 0.06 0.58 0.57 0.58 0.55 
0.40 0.20 0.20 0.20 0.46 0.81 0.38 0.15 0.50 0.49 0.50 0.48 
0.40 0.20 0.20 0.20 0.48 0.83 0.43 0.08 0.47 0.52 0.50 0.49 
0.40 0.20 0.20 0.20 0.46 0.93 0.40 0.07 0.48 0.51 0.50 0.47 
0.40 0.20 0.20 0.20 0.47 0.82 0.44 0.09 0.39 0.38 0.39 0.38 
0.40 0.20 0.20 0.20 0.48 0.83 0.50 0.14 0.53 0.56 0.49 0.52 
0.40 0.20 0.20 0.20 0.53 0.76 0.49 0.09 0.54 0.49 0.48 0.49 
0.40 0.20 0.20 0.20 0.37 0.79 0.46 0.08 0.40 0.42 0.39 0.40 
0.40 0.20 0.20 0.20 0.59 0.80 0.29 0.06 0.55 0.55 0.52 0.54 
0.40 0.20 0.20 0.20 0.54 0.84 0.51 0.05 0.45 0.46 0.48 0.48 
0.40 0.20 0.20 0.20 0.44 0.74 0.42 0.04 0.45 0.42 0.43 0.43 
0.40 0.20 0.20 0.20 0.43 0.82 0.42 0.11 0.51 0.49 0.48 0.47 
0.40 0.20 0.20 0.20 0.47 0.60 0.36 0.05 0.40 0.40 0.38 0.38 
0.40 0.20 0.20 0.20 0.43 0.71 0.44 0.07 0.50 0.48 0.50 0.48 
0.40 0.20 0.20 0.20 0.50 0.70 0.58 0.07 0.54 0.55 0.56 0.52 
0.40 0.20 0.20 0.20 0.40 0.70 0.50 0.06 0.40 0.41 0.41 0.43 
0.40 0.20 0.20 0.20 0.44 0.74 0.40 0.08 0.45 0.43 0.41 0.44 
0.40 0.20 0.20 0.20 0.46 0.64 0.39 0.06 0.48 0.49 0.47 0.51 
0.40 0.20 0.20 0.20 0.36 0.66 0.43 0.05 0.45 0.46 0.45 0.43 
0.40 0.20 0.20 0.20 0.40 0.75 0.36 0.05 0.46 0.44 0.44 0.45 
0.40 0.20 0.20 0.20 0.44 0.79 0.33 0.18 0.50 0.49 0.52 0.51 
0.40 0.20 0.20 0.20 0.45 0.67 0.24 0.05 0.41 0.41 0.39 0.42 
0.40 0.20 0.20 0.20 0.36 0.71 0.48 0.05 0.49 0.47 0.49 0.46 
