0.25 0.25 0.25 0.25 1.89 1.81 2.01 2.02 2.13 2.57  
0.25 0.25 0.25 0.25 2.31 1.49 1.60 1.85 1.65 1.47  
0.25 0.25 0.25 0.25 1.79 1.85 1.89 1.55 1.61 1.32  
0.25 0.25 0.25 0.25 1.47 1.12 1.26 1.49 1.46 1.46  
0.25 0.25 0.25 0.25 1.10 1.44 0.65 1.57 1.43 1.47  
0.25 0.25 0.25 0.25 0.98 1.02 1.53 1.67 1.47 1.59  
0.25 0.25 0.25 0.25 1.13 1.10 0.82 1.35 1.24 1.21  
0.25 0.25 0.25 0.25 0.91 1.11 1.10 1.37 1.18 1.32  
0.25 0.25 0.25 0.25 0.51 1.12 0.81 1.13 0.98 1.03  
0.25 0.25 0.25 0.25 1.08 0.67 0.85 1.53 1.28 1.40  
0.25 0.25 0.25 0.25 0.95 0.67 1.34 1.48 1.45 1.46  
0.25 0.25 0.25 0.25 0.89 1.45 2.08 1.52 1.43 1.01  
0.25 0.25 0.25 0.25 0.91 1.65 0.85 1.49 1.31 1.36  
0.25 0.25 0.25 0.25 0.30 1.14 1.05 1.14 1.20 1.21  
0.25 0.25 0.25 0.25 0.74 0.82 1.25 1.49 1.26 1.45  
0.25 0.25 0.25 0.25 2.09 0.26 1.21 1.09 1.13 1.08  
0.25 0.25 0.25 0.25 1.24 1.11 2.11 0.91 0.90 1.00  
0.25 0.25 0.25 0.25 1.53 0.30 0.96 1.13 0.97 1.04  
0.25 0.25 0.25 0.25 1.29 0.48 1.39 0.88 0.76 0.72  
0.25 0.25 0.25 0.25 0.54 0.45 1.43 1.09 1.03 1.02  
0.25 0.25 0.25 0.25 1.01 0.86 1.00 0.91 0.87 0.82  
0.25 0.25 0.25 0.25 1.42 0.37 0.60 1.13 1.05 1.09  
0.25 0.25 0.25 0.25 0.73 0.89 0.81 0.87 0.85 0.96  
0.25 0.25 0.25 0.25 0.64 0.75 0.14 0.87 0.91 0.85  
0.25 0.25 0.25 0.25 0.45 1.36 0.95 0.99 1.15 1.12  
0.25 0.25 0.25 0.25 0.58 0.94 0.27 1.08 1.06 1.14  
0.25 0.25 0.25 0.25 0.27 1.01 0.14 1.52 1.42 1.57  
0.25 0.25 0.25 0.25 0.39 0.83 0.59 1.51 1.57 1.70  
0.25 0.25 0.25 0.25 0.37 0.83 0.70 1.45 1.39 1.65  
0.25 0.25 0.25 0.25 0.21 0.87 0.75 1.47 1.59 1.49  
0.25 0.25 0.25 0.25 0.43 0.97 1.02 0.84 0.91 0.82  
0.25 0.25 0.25 0.25 0.14 0.65 1.19 0.98 1.03 1.02  
0.25 0.25 0.25 0.25 0.15 0.26 0.56 1.09 0.88 0.85  
0.25 0.25 0.25 0.25 1.29 0.26 0.84 1.61 1.57 1.47  
0.25 0.25 0.25 0.25 0.33 0.24 0.26 1.53 1.65 1.39  
0.25 0.25 0.25 0.25 0.83 0.15 0.78 1.42 1.15 1.28  
0.25 0.25 0.25 0.25 1.13 0.65 1.55 1.34 1.58 1.43  
0.25 0.25 0.25 0.25 1.12 0.32 0.19 1.28 1.55 1.40  
0.25 0.25 0.25 0.25 0.49 0.77 0.43 1.36 1.47 1.69  
0.25 0.25 0.25 0.25 1.65 2.52 0.67 1.04 0.99 0.98  
0.25 0.25 0.25 0.25 0.77 1.51 0.89 1.38 1.22 1.30  
0.25 0.25 0.25 0.25 0.81 0.95 1.53 1.31 1.39 1.48  
0.25 0.25 0.25 0.25 0.93 0.36 0.96 1.22 1.09 1.20  
0.25 0.25 0.25 0.25 0.50 0.26 0.80 1.44 1.54 1.42  
0.25 0.25 0.25 0.25 0.43 0.09 0.12 0.73 0.64 0.68  
0.25 0.25 0.25 0.25 0.60 0.17 0.64 1.20 1.18 1.41  
0.25 0.25 0.25 0.25 0.48 1.17 0.78 1.45 1.39 1.60  
0.25 0.25 0.25 0.25 0.73 0.26 1.12 0.92 0.89 0.94  
0.25 0.25 0.25 0.25 0.55 0.45 0.71 1.51 1.40 1.41  
0.25 0.25 0.25 0.25 0.81 0.42 0.26 0.85 0.86 0.80  
0.25 0.25 0.25 0.25 0.80 0.27 0.14 1.06 1.20 0.97  
0.25 0.25 0.25 0.25 0.55 0.96 1.20 0.78 0.71 0.86  
0.25 0.25 0.25 0.25 0.26 0.99 0.83 0.75 0.76 0.81  
0.25 0.25 0.25 0.25 0.71 0.08 0.41 1.08 0.90 0.94  
0.25 0.25 0.25 0.25 0.39 0.18 0.36 0.95 0.79 0.94  
0.25 0.25 0.25 0.25 0.33 1.26 0.55 0.82 0.83 0.75  
0.25 0.25 0.25 0.25 0.73 0.64 0.07 0.97 1.10 1.12  
0.25 0.25 0.25 0.25 0.33 0.27 0.44 0.94 0.87 0.89  
0.25 0.25 0.25 0.25 0.40 0.58 0.10 1.21 1.10 1.23  
0.25 0.25 0.25 0.25 0.39 1.13 0.33 0.72 0.76 0.91  
0.25 0.25 0.25 0.25 0.94 1.08 0.27 0.90 0.70 0.60  
0.25 0.25 0.25 0.25 0.08 0.83 0.10 0.88 0.73 0.81  
0.25 0.25 0.25 0.25 1.48 0.20 0.12 1.21 1.13 1.30  
0.25 0.25 0.25 0.25 1.27 0.24 0.12 1.15 1.31 1.29  
0.25 0.25 0.25 0.25 0.09 0.51 0.10 0.67 0.64 0.61  
0.25 0.25 0.25 0.25 0.71 0.79 0.40 1.70 1.47 1.62  
0.25 0.25 0.25 0.25 0.75 0.08 0.59 0.92 1.03 0.92  
0.25 0.25 0.25 0.25 0.38 0.09 0.35 1.73 1.45 1.64  
0.25 0.25 0.25 0.25 0.49 0.67 0.22 0.92 0.98 1.02  
0.25 0.25 0.25 0.25 0.30 0.77 0.10 1.00 0.90 1.27  
0.25 0.25 0.25 0.25 0.74 0.08 0.05 1.27 1.09 1.09  
0.25 0.25 0.25 0.25 1.46 0.28 0.55 0.71 0.83 0.77  
0.25 0.25 0.25 0.25 1.73 0.19 0.03 1.46 1.34 1.18  
0.25 0.25 0.25 0.25 0.17 0.81 0.05 0.86 0.96 0.85  
0.25 0.25 0.25 0.25 0.27 0.21 0.24 1.26 1.22 1.18  
0.25 0.25 0.25 0.25 1.17 1.04 0.27 0.85 0.63 0.62  
0.25 0.25 0.25 0.25 0.67 0.60 1.85 1.11 0.95 1.07  
0.25 0.25 0.25 0.25 0.76 1.07 0.71 1.04 1.10 1.22  
0.25 0.25 0.25 0.25 0.32 0.36 0.46 1.03 0.92 1.03  
0.25 0.25 0.25 0.25 0.46 0.27 2.02 0.90 0.93 0.86  
0.25 0.25 0.25 0.25 0.57 0.04 0.31 0.81 0.77 0.80  
0.25 0.25 0.25 0.25 1.22 0.14 0.97 1.01 1.09 0.95  
0.25 0.25 0.25 0.25 0.15 0.71 0.48 1.11 1.20 1.33  
0.25 0.25 0.25 0.25 0.94 0.11 0.44 1.40 1.41 1.32  
0.25 0.25 0.25 0.25 0.16 0.61 0.04 0.82 0.93 1.03  
0.25 0.25 0.25 0.25 0.38 0.20 0.35 1.10 1.02 1.13  
0.25 0.25 0.25 0.25 0.30 0.21 0.18 1.16 1.33 1.33  
0.25 0.25 0.25 0.25 0.58 0.13 0.66 1.66 1.60 1.42  
0.25 0.25 0.25 0.25 0.63 0.51 0.38 1.35 1.39 1.47  
0.25 0.25 0.25 0.25 0.07 0.40 0.42 1.24 1.36 1.16  
0.25 0.25 0.25 0.25 0.87 0.41 0.34 1.34 1.43 1.60  
0.25 0.25 0.25 0.25 1.02 0.24 0.66 0.78 0.58 0.64  
0.25 0.25 0.25 0.25 0.22 0.20 0.07 1.00 0.96 0.97  
0.25 0.25 0.25 0.25 0.22 0.39 0.04 0.86 0.73 0.64  
0.25 0.25 0.25 0.25 0.22 0.16 0.72 0.57 0.62 0.77  
0.25 0.25 0.25 0.25 0.80 0.20 0.97 0.97 0.86 0.92  
0.25 0.25 0.25 0.25 0.29 0.07 0.39 1.61 1.70 1.62  
0.25 0.25 0.25 0.25 0.40 0.43 0.15 1.09 1.05 1.22  
0.25 0.25 0.25 0.25 0.46 0.29 0.15 1.13 1.09 0.98  
0.25 0.25 0.25 0.25 0.36 0.28 0.18 1.08 0.90 0.98  
0.25 0.25 0.25 0.25 0.37 0.06 0.10 1.55 1.73 1.73  
0.25 0.25 0.25 0.25 0.94 0.16 0.08 1.05 1.02 1.04  
0.25 0.25 0.25 0.25 0.82 0.04 0.13 0.97 0.95 1.08  
0.25 0.25 0.25 0.25 0.71 0.02 0.07 1.89 1.99 1.89  
0.25 0.25 0.25 0.25 0.43 0.08 0.41 0.49 0.46 0.44  
0.25 0.25 0.25 0.25 0.54 0.02 0.57 1.13 1.43 1.39  
0.25 0.25 0.25 0.25 0.21 0.03 0.13 0.64 0.55 0.54  
0.25 0.25 0.25 0.25 0.16 0.14 0.07 0.78 0.74 0.74  
0.25 0.25 0.25 0.25 0.49 0.39 0.05 1.06 0.94 0.85  
0.25 0.25 0.25 0.25 0.50 0.34 0.10 0.53 0.60 0.71  
0.25 0.25 0.25 0.25 0.02 0.06 0.16 1.07 1.02 1.09  
0.25 0.25 0.25 0.25 0.36 0.14 0.36 0.97 1.05 1.11  
