0.25 0.25 0.25 0.25 1.89 1.81 2.01 2.02 2.13 2.57  
0.25 0.25 0.25 0.25 2.31 1.49 1.60 1.85 1.64 1.47  
0.25 0.25 0.25 0.25 1.79 1.84 1.89 1.55 1.60 1.33  
0.25 0.25 0.25 0.25 1.46 1.11 1.26 1.49 1.51 1.52  
0.25 0.25 0.25 0.25 1.06 1.51 0.70 1.58 1.42 1.41  
0.25 0.25 0.25 0.25 1.01 1.00 1.45 1.67 1.45 1.59  
0.25 0.25 0.25 0.25 1.12 1.08 0.83 1.26 1.20 1.16  
0.25 0.25 0.25 0.25 0.94 1.02 1.22 1.41 1.32 1.40  
0.25 0.25 0.25 0.25 0.56 1.07 0.90 1.04 1.00 1.04  
0.25 0.25 0.25 0.25 1.11 0.53 0.64 1.44 1.26 1.34  
0.25 0.25 0.25 0.25 0.88 0.53 1.12 1.50 1.42 1.46  
0.25 0.25 0.25 0.25 0.91 1.24 2.27 1.49 1.32 1.08  
0.25 0.25 0.25 0.25 0.69 1.73 0.61 1.41 1.19 1.19  
0.25 0.25 0.25 0.25 0.27 1.26 1.06 1.11 1.24 1.21  
0.25 0.25 0.25 0.25 0.71 1.17 0.92 1.35 1.31 1.40  
0.25 0.25 0.25 0.25 2.15 0.32 1.26 1.16 1.15 1.08  
0.25 0.25 0.25 0.25 0.79 1.21 1.42 0.91 0.96 1.05  
0.25 0.25 0.25 0.25 1.51 0.47 0.70 0.94 0.92 1.02  
0.25 0.25 0.25 0.25 1.35 0.62 1.11 0.96 0.82 0.83  
0.25 0.25 0.25 0.25 0.51 0.52 1.47 1.05 1.06 1.04  
0.25 0.25 0.25 0.25 0.89 1.11 0.81 0.85 0.82 0.82  
0.25 0.25 0.25 0.25 1.49 0.53 0.67 1.15 1.06 1.09  
0.25 0.25 0.25 0.25 0.77 0.74 0.93 0.76 0.91 0.96  
0.25 0.25 0.25 0.25 0.77 0.82 0.19 0.92 0.91 0.90  
0.25 0.25 0.25 0.25 0.45 1.36 0.84 0.90 1.01 0.96  
0.25 0.25 0.25 0.25 0.59 0.79 0.28 1.02 1.11 1.18  
0.25 0.25 0.25 0.25 0.18 0.91 0.12 1.53 1.41 1.56  
