0.26 0.21 0.26 0.26 2.07 1.96 1.95 2.00   
0.35 0.20 0.23 0.23 1.38 1.29 1.88 1.91   
0.36 0.20 0.22 0.22 1.43 1.19 1.92 1.94   
0.37 0.20 0.21 0.21 1.47 0.88 1.77 1.66   
0.37 0.20 0.22 0.22 0.98 0.83 1.78 1.80   
0.35 0.20 0.22 0.22 1.19 0.58 1.86 1.91   
0.31 0.21 0.24 0.24 1.01 0.52 1.86 1.82   
0.28 0.21 0.25 0.25 0.87 0.60 1.80 1.75   
0.34 0.20 0.23 0.23 0.76 0.87 1.74 1.72   
0.34 0.20 0.23 0.23 0.97 0.74 1.86 1.82   
0.37 0.20 0.21 0.21 0.81 0.52 1.97 1.84   
0.38 0.20 0.21 0.21 0.87 0.56 1.82 1.78   
0.35 0.20 0.22 0.22 0.78 0.49 1.81 1.78   
0.38 0.20 0.21 0.21 0.68 0.56 1.84 1.83   
0.37 0.20 0.22 0.22 0.85 0.52 1.71 1.64   
0.36 0.20 0.22 0.22 0.55 0.52 1.80 1.76   
0.35 0.20 0.22 0.22 0.72 0.40 1.60 1.64   
0.31 0.21 0.24 0.24 0.56 0.34 1.69 1.73   
0.32 0.21 0.24 0.24 0.53 0.36 1.84 1.85   
0.37 0.20 0.22 0.22 0.65 0.39 1.78 1.85   
0.37 0.20 0.22 0.22 0.39 0.38 1.88 1.89   
0.33 0.20 0.23 0.23 0.54 0.50 1.59 1.67   
0.37 0.20 0.22 0.22 0.60 0.45 1.89 2.04   
0.36 0.20 0.22 0.22 0.30 0.30 2.02 2.09   
0.38 0.20 0.21 0.21 0.36 0.33 1.90 1.95   
0.39 0.20 0.21 0.21 0.31 0.28 1.70 1.70   
0.39 0.20 0.20 0.20 0.39 0.34 1.83 1.88   
0.39 0.20 0.20 0.20 0.38 0.27 2.08 2.05   
0.40 0.20 0.20 0.20 0.46 0.34 1.82 1.80   
0.40 0.20 0.20 0.20 0.30 0.40 1.81 1.79   
0.40 0.20 0.20 0.20 0.54 0.44 1.58 1.55   
0.40 0.20 0.20 0.20 0.68 0.27 1.88 1.75   
0.40 0.20 0.20 0.20 0.31 0.31 1.68 1.70   
0.40 0.20 0.20 0.20 0.38 0.28 1.67 1.68   
0.40 0.20 0.20 0.20 0.39 0.27 1.72 1.77   
0.40 0.20 0.20 0.20 0.43 0.30 1.88 1.86   
0.40 0.20 0.20 0.20 0.31 0.28 1.87 1.84   
0.40 0.20 0.20 0.20 0.45 0.21 1.85 1.85   
0.40 0.20 0.20 0.20 0.57 0.25 1.87 1.93   
0.40 0.20 0.20 0.20 0.49 0.21 1.68 1.63   
0.40 0.20 0.20 0.20 0.37 0.19 1.99 2.02   
0.40 0.20 0.20 0.20 0.24 0.34 1.76 1.81   
0.40 0.20 0.20 0.20 0.38 0.27 1.50 1.50   
0.40 0.20 0.20 0.20 0.36 0.42 1.96 1.94   
0.40 0.20 0.20 0.20 0.26 0.27 1.91 1.96   
0.40 0.20 0.20 0.20 0.31 0.23 1.88 1.89   
0.40 0.20 0.20 0.20 0.21 0.30 2.14 2.11   
0.40 0.20 0.20 0.20 0.27 0.27 2.03 1.97   
0.40 0.20 0.20 0.20 0.29 0.19 2.02 2.01   
0.40 0.20 0.20 0.20 0.35 0.16 2.13 2.17   
0.39 0.20 0.20 0.20 0.30 0.15 1.87 1.94   
0.39 0.20 0.20 0.20 0.42 0.17 1.67 1.72   
0.40 0.20 0.20 0.20 0.30 0.18 1.92 1.95   
0.40 0.20 0.20 0.20 0.27 0.26 1.81 1.90   
0.40 0.20 0.20 0.20 0.24 0.10 2.04 2.11   
0.40 0.20 0.20 0.20 0.20 0.12 1.94 1.88   
0.40 0.20 0.20 0.20 0.12 0.11 1.97 1.92   
0.40 0.20 0.20 0.20 0.26 0.17 2.19 2.02   
0.40 0.20 0.20 0.20 0.26 0.19 1.78 1.92   
0.40 0.20 0.20 0.20 0.18 0.16 1.91 1.86   
0.40 0.20 0.20 0.20 0.26 0.33 1.86 1.88   
0.40 0.20 0.20 0.20 0.18 0.24 2.05 1.96   
0.40 0.20 0.20 0.20 0.25 0.17 1.65 1.66   
0.40 0.20 0.20 0.20 0.10 0.15 1.78 1.82   
0.40 0.20 0.20 0.20 0.22 0.18 1.81 1.84   
0.40 0.20 0.20 0.20 0.23 0.07 1.85 1.78   
0.40 0.20 0.20 0.20 0.24 0.18 1.67 1.83   
0.40 0.20 0.20 0.20 0.21 0.13 2.02 1.88   
0.40 0.20 0.20 0.20 0.13 0.10 2.07 2.00   
0.40 0.20 0.20 0.20 0.13 0.06 1.77 1.79   
0.40 0.20 0.20 0.20 0.23 0.10 1.70 1.74   
0.40 0.20 0.20 0.20 0.25 0.08 1.74 1.69   
0.40 0.20 0.20 0.20 0.22 0.20 1.61 1.63   
0.40 0.20 0.20 0.20 0.17 0.13 1.96 2.02   
0.40 0.20 0.20 0.20 0.29 0.07 1.86 1.87   
0.40 0.20 0.20 0.20 0.11 0.08 1.88 1.90   
0.40 0.20 0.20 0.20 0.19 0.09 1.73 1.75   
0.40 0.20 0.20 0.20 0.13 0.08 1.96 1.90   
0.40 0.20 0.20 0.20 0.21 0.08 1.94 1.87   
0.40 0.20 0.20 0.20 0.20 0.10 1.99 2.01   
0.40 0.20 0.20 0.20 0.25 0.06 1.76 1.77   
0.40 0.20 0.20 0.20 0.13 0.11 1.90 1.92   
0.40 0.20 0.20 0.20 0.20 0.11 1.85 1.78   
0.40 0.20 0.20 0.20 0.09 0.09 1.70 1.76   
0.40 0.20 0.20 0.20 0.14 0.07 1.84 1.84   
0.40 0.20 0.20 0.20 0.08 0.09 2.05 2.01   
0.40 0.20 0.20 0.20 0.16 0.09 2.01 1.89   
0.40 0.20 0.20 0.20 0.09 0.13 1.95 1.99   
0.40 0.20 0.20 0.20 0.11 0.25 2.18 2.15   
0.40 0.20 0.20 0.20 0.10 0.31 2.02 2.04   
0.40 0.20 0.20 0.20 0.14 0.19 1.83 1.83   
0.40 0.20 0.20 0.20 0.11 0.19 1.89 1.91   
0.40 0.20 0.20 0.20 0.21 0.07 1.71 1.67   
0.40 0.20 0.20 0.20 0.10 0.15 2.09 2.15   
0.40 0.20 0.20 0.20 0.21 0.09 1.95 1.99   
0.40 0.20 0.20 0.20 0.23 0.05 2.10 2.04   
0.40 0.20 0.20 0.20 0.14 0.12 1.86 1.83   
0.40 0.20 0.20 0.20 0.15 0.10 1.66 1.74   
0.40 0.20 0.20 0.20 0.11 0.08 1.77 1.91   
0.40 0.20 0.20 0.20 0.11 0.06 1.94 1.91   
0.40 0.20 0.20 0.20 0.24 0.06 1.93 1.91   
0.40 0.20 0.20 0.20 0.20 0.08 1.75 1.76   
0.40 0.20 0.20 0.20 0.19 0.15 1.90 1.81   
0.40 0.20 0.20 0.20 0.28 0.07 1.85 1.90   
0.40 0.20 0.20 0.20 0.30 0.11 1.80 1.81   
0.40 0.20 0.20 0.20 0.11 0.07 2.10 2.11   
0.40 0.20 0.20 0.20 0.08 0.09 2.07 2.01   
0.40 0.20 0.20 0.20 0.09 0.05 2.15 2.11   
0.40 0.20 0.20 0.20 0.12 0.06 2.37 2.24   
0.40 0.20 0.20 0.20 0.12 0.07 1.80 1.83   
0.40 0.20 0.20 0.20 0.16 0.04 1.91 1.93   
0.40 0.20 0.20 0.20 0.07 0.04 1.77 1.71   
0.40 0.20 0.20 0.20 0.20 0.05 1.88 1.83   
0.40 0.20 0.20 0.20 0.06 0.04 2.05 2.09   
0.40 0.20 0.20 0.20 0.09 0.02 1.66 1.70   
0.40 0.20 0.20 0.20 0.09 0.05 1.95 1.96   
0.40 0.20 0.20 0.20 0.08 0.05 2.02 2.14   
0.40 0.20 0.20 0.20 0.20 0.03 1.69 1.73   
0.40 0.20 0.20 0.20 0.04 0.06 1.74 1.83   
0.40 0.20 0.20 0.20 0.07 0.03 2.13 2.03   
0.40 0.20 0.20 0.20 0.08 0.06 1.68 1.71   
0.40 0.20 0.20 0.20 0.08 0.04 1.69 1.62   
0.40 0.20 0.20 0.20 0.07 0.03 1.73 1.78   
0.40 0.20 0.20 0.20 0.11 0.03 2.06 1.94   
0.40 0.20 0.20 0.20 0.05 0.04 1.65 1.73   
0.40 0.20 0.20 0.20 0.16 0.09 1.67 1.70   
0.40 0.20 0.20 0.20 0.07 0.03 2.05 2.10   
0.40 0.20 0.20 0.20 0.05 0.05 2.01 1.96   
0.40 0.20 0.20 0.20 0.07 0.15 1.92 1.90   
0.40 0.20 0.20 0.20 0.07 0.04 1.71 1.68   
0.40 0.20 0.20 0.20 0.06 0.02 2.17 2.19   
0.40 0.20 0.20 0.20 0.06 0.05 2.08 2.05   
0.40 0.20 0.20 0.20 0.09 0.05 1.93 2.00   
0.40 0.20 0.20 0.20 0.06 0.06 1.85 1.88   
0.40 0.20 0.20 0.20 0.05 0.13 2.15 2.16   
0.40 0.20 0.20 0.20 0.05 0.07 1.81 1.73   
0.40 0.20 0.20 0.20 0.06 0.03 1.73 1.63   
0.40 0.20 0.20 0.20 0.11 0.05 1.87 1.91   
0.40 0.20 0.20 0.20 0.08 0.03 2.10 2.02   
0.40 0.20 0.20 0.20 0.06 0.03 2.06 2.05   
0.40 0.20 0.20 0.20 0.09 0.07 1.91 1.94   
0.40 0.20 0.20 0.20 0.07 0.04 1.69 1.65   
0.40 0.20 0.20 0.20 0.06 0.04 2.09 2.03   
0.40 0.20 0.20 0.20 0.05 0.04 2.35 2.32   
0.40 0.20 0.20 0.20 0.23 0.05 1.85 1.88   
0.40 0.20 0.20 0.20 0.16 0.04 1.65 1.74   
0.40 0.20 0.20 0.20 0.42 0.03 1.77 1.93   
0.40 0.20 0.20 0.20 0.11 0.03 1.75 1.73   
0.40 0.20 0.20 0.20 0.15 0.02 1.77 1.80   
0.40 0.20 0.20 0.20 0.09 0.12 1.82 1.86   
0.40 0.20 0.20 0.20 0.13 0.15 1.82 1.72   
0.40 0.20 0.20 0.20 0.09 0.30 2.28 2.30   
0.40 0.20 0.20 0.20 0.16 0.05 1.93 2.04   
0.40 0.20 0.20 0.20 0.09 0.07 1.99 1.98   
0.40 0.20 0.20 0.20 0.11 0.12 2.00 2.00   
0.40 0.20 0.20 0.20 0.09 0.05 1.94 1.96   
0.40 0.20 0.20 0.20 0.06 0.06 1.86 1.75   
0.40 0.20 0.20 0.20 0.09 0.02 1.91 1.82   
0.40 0.20 0.20 0.20 0.16 0.08 2.12 2.03   
0.40 0.20 0.20 0.20 0.17 0.12 1.91 1.93   
0.40 0.20 0.20 0.20 0.09 0.05 1.93 1.87   
0.40 0.20 0.20 0.20 0.06 0.02 2.21 2.16   
0.40 0.20 0.20 0.20 0.09 0.04 1.77 1.74   
0.40 0.20 0.20 0.20 0.16 0.03 2.04 2.16   
0.40 0.20 0.20 0.20 0.15 0.03 1.94 1.89   
0.40 0.20 0.20 0.20 0.09 0.04 1.82 1.69   
0.40 0.20 0.20 0.20 0.05 0.02 1.50 1.63   
0.40 0.20 0.20 0.20 0.07 0.03 1.95 1.91   
0.40 0.20 0.20 0.20 0.04 0.02 1.96 1.95   
0.40 0.20 0.20 0.20 0.09 0.01 1.60 1.62   
0.40 0.20 0.20 0.20 0.05 0.02 2.04 1.97   
0.40 0.20 0.20 0.20 0.06 0.06 1.94 1.95   
0.40 0.20 0.20 0.20 0.10 0.03 1.77 1.79   
0.40 0.20 0.20 0.20 0.05 0.10 2.04 2.10   
0.40 0.20 0.20 0.20 0.08 0.04 2.17 2.22   
0.40 0.20 0.20 0.20 0.04 0.02 1.89 1.86   
0.40 0.20 0.20 0.20 0.02 0.02 1.84 1.85   
0.40 0.20 0.20 0.20 0.06 0.05 2.06 2.14   
0.40 0.20 0.20 0.20 0.07 0.02 1.91 1.91   
0.40 0.20 0.20 0.20 0.06 0.02 1.85 1.85   
0.40 0.20 0.20 0.20 0.12 0.02 2.00 1.98   
0.40 0.20 0.20 0.20 0.05 0.03 1.77 1.72   
0.40 0.20 0.20 0.20 0.01 0.03 1.88 1.91   
0.40 0.20 0.20 0.20 0.07 0.04 1.63 1.74   
0.40 0.20 0.20 0.20 0.03 0.04 2.15 2.16   
0.40 0.20 0.20 0.20 0.08 0.05 1.92 1.86   
0.40 0.20 0.20 0.20 0.07 0.03 1.99 1.92   
0.40 0.20 0.20 0.20 0.05 0.01 1.93 1.89   
0.40 0.20 0.20 0.20 0.06 0.05 1.80 1.79   
0.40 0.20 0.20 0.20 0.03 0.03 2.12 2.19   
0.40 0.20 0.20 0.20 0.03 0.03 1.62 1.62   
0.40 0.20 0.20 0.20 0.04 0.04 1.84 1.85   
0.40 0.20 0.20 0.20 0.09 0.06 2.03 1.88   
0.40 0.20 0.20 0.20 0.05 0.09 1.90 1.93   
0.40 0.20 0.20 0.20 0.04 0.03 2.23 2.25   
0.40 0.20 0.20 0.20 0.03 0.02 2.09 1.99   
0.40 0.20 0.20 0.20 0.02 0.01 1.92 1.79   
0.40 0.20 0.20 0.20 0.07 0.08 2.17 2.09   
0.40 0.20 0.20 0.20 0.11 0.02 1.75 1.78   
0.40 0.20 0.20 0.20 0.04 0.04 2.04 1.91   
0.40 0.20 0.20 0.20 0.09 0.01 1.71 1.67   
0.40 0.20 0.20 0.20 0.05 0.02 1.65 1.66   
0.40 0.20 0.20 0.20 0.05 0.04 2.19 2.13   
0.40 0.20 0.20 0.20 0.02 0.04 1.93 1.98   
0.40 0.20 0.20 0.20 0.04 0.01 1.75 1.68   
0.40 0.20 0.20 0.20 0.05 0.03 1.87 1.80   
0.40 0.20 0.20 0.20 0.05 0.02 1.61 1.60   
0.40 0.20 0.20 0.20 0.08 0.04 2.14 2.07   
0.40 0.20 0.20 0.20 0.03 0.01 1.57 1.58   
0.40 0.20 0.20 0.20 0.04 0.02 1.98 1.99   
0.40 0.20 0.20 0.20 0.04 0.04 2.04 1.97   
0.40 0.20 0.20 0.20 0.05 0.02 2.00 2.04   
0.40 0.20 0.20 0.20 0.04 0.02 1.78 1.79   
0.40 0.20 0.20 0.20 0.09 0.01 1.74 1.76   
0.40 0.20 0.20 0.20 0.05 0.08 1.91 1.90   
0.40 0.20 0.20 0.20 0.06 0.01 2.23 2.13   
0.40 0.20 0.20 0.20 0.02 0.02 1.79 1.86   
0.40 0.20 0.20 0.20 0.02 0.02 1.90 1.92   
0.40 0.20 0.20 0.20 0.02 0.02 1.93 1.93   
0.40 0.20 0.20 0.20 0.03 0.02 1.95 2.01   
0.40 0.20 0.20 0.20 0.02 0.02 1.94 1.95   
0.40 0.20 0.20 0.20 0.02 0.01 2.03 2.06   
0.40 0.20 0.20 0.20 0.05 0.03 1.71 1.61   
0.40 0.20 0.20 0.20 0.02 0.01 1.85 1.77   
0.40 0.20 0.20 0.20 0.03 0.02 2.00 2.00   
0.40 0.20 0.20 0.20 0.01 0.02 1.82 1.77   
0.40 0.20 0.20 0.20 0.02 0.02 1.84 1.95   
0.40 0.20 0.20 0.20 0.02 0.02 1.73 1.85   
0.40 0.20 0.20 0.20 0.02 0.01 1.91 1.91   
0.40 0.20 0.20 0.20 0.02 0.01 1.97 1.92   
0.40 0.20 0.20 0.20 0.01 0.02 1.96 2.00   
0.40 0.20 0.20 0.20 0.02 0.02 2.10 2.17   
0.40 0.20 0.20 0.20 0.03 0.01 2.14 2.20   
0.40 0.20 0.20 0.20 0.03 0.02 1.79 1.81   
0.40 0.20 0.20 0.20 0.02 0.01 1.95 2.05   
0.40 0.20 0.20 0.20 0.02 0.01 1.91 1.89   
0.40 0.20 0.20 0.20 0.02 0.01 1.89 1.92   
0.40 0.20 0.20 0.20 0.02 0.06 2.17 2.21   
0.40 0.20 0.20 0.20 0.05 0.01 1.92 2.02   
0.40 0.20 0.20 0.20 0.04 0.01 1.83 1.81   
0.40 0.20 0.20 0.20 0.02 0.02 2.12 2.12   
0.40 0.20 0.20 0.20 0.03 0.02 2.09 2.02   
0.40 0.20 0.20 0.20 0.03 0.01 1.86 1.79   
0.40 0.20 0.20 0.20 0.05 0.07 1.58 1.71   
0.40 0.20 0.20 0.20 0.03 0.02 1.71 1.62   
0.40 0.20 0.20 0.20 0.02 0.01 1.72 1.73   
0.40 0.20 0.20 0.20 0.01 0.01 1.84 1.74   
0.40 0.20 0.20 0.20 0.02 0.01 1.86 1.89   
0.40 0.20 0.20 0.20 0.01 0.03 2.27 2.16   
0.40 0.20 0.20 0.20 0.02 0.03 1.90 1.94   
0.40 0.20 0.20 0.20 0.02 0.01 2.08 2.08   
0.40 0.20 0.20 0.20 0.01 0.03 1.92 1.86   
0.40 0.20 0.20 0.20 0.04 0.02 2.00 1.93   
0.40 0.20 0.20 0.20 0.03 0.01 1.69 1.75   
0.40 0.20 0.20 0.20 0.02 0.01 1.93 1.91   
0.40 0.20 0.20 0.20 0.02 0.03 1.98 1.97   
0.40 0.20 0.20 0.20 0.05 0.02 1.70 1.63   
0.40 0.20 0.20 0.20 0.02 0.04 1.95 1.93   
0.40 0.20 0.20 0.20 0.02 0.01 2.15 2.18   
0.40 0.20 0.20 0.20 0.03 0.02 1.93 1.95   
0.40 0.20 0.20 0.20 0.03 0.01 1.96 1.91   
0.40 0.20 0.20 0.20 0.03 0.03 1.79 1.76   
0.40 0.20 0.20 0.20 0.04 0.01 1.63 1.69   
0.40 0.20 0.20 0.20 0.02 0.02 1.78 1.82   
0.40 0.20 0.20 0.20 0.02 0.01 2.10 2.12   
0.40 0.20 0.20 0.20 0.05 0.01 1.90 1.88   
0.40 0.20 0.20 0.20 0.07 0.00 2.15 2.15   
0.40 0.20 0.20 0.20 0.06 0.02 1.77 1.74   
0.40 0.20 0.20 0.20 0.05 0.01 1.67 1.78   
0.40 0.20 0.20 0.20 0.04 0.01 1.97 1.89   
0.40 0.20 0.20 0.20 0.04 0.01 1.83 1.74   
0.40 0.20 0.20 0.20 0.02 0.00 1.81 1.76   
0.40 0.20 0.20 0.20 0.01 0.01 1.96 1.98   
0.40 0.20 0.20 0.20 0.02 0.01 2.07 1.98   
0.40 0.20 0.20 0.20 0.03 0.01 1.66 1.64   
0.40 0.20 0.20 0.20 0.04 0.02 2.08 2.02   
0.40 0.20 0.20 0.20 0.02 0.01 1.92 1.91   
0.40 0.20 0.20 0.20 0.01 0.04 1.92 2.02   
0.40 0.20 0.20 0.20 0.02 0.01 1.42 1.44   
0.40 0.20 0.20 0.20 0.03 0.02 1.89 1.90   
0.40 0.20 0.20 0.20 0.01 0.01 1.83 1.88   
0.40 0.20 0.20 0.20 0.01 0.01 1.95 1.98   
0.40 0.20 0.20 0.20 0.01 0.02 2.00 1.94   
0.40 0.20 0.20 0.20 0.02 0.01 1.79 1.81   
0.40 0.20 0.20 0.20 0.02 0.02 1.95 1.95   
0.40 0.20 0.20 0.20 0.01 0.01 1.98 1.93   
0.40 0.20 0.20 0.20 0.01 0.01 1.74 1.66   
0.40 0.20 0.20 0.20 0.01 0.01 1.82 1.77   
0.40 0.20 0.20 0.20 0.01 0.01 2.04 1.83   
0.40 0.20 0.20 0.20 0.02 0.02 1.94 1.90   
0.40 0.20 0.20 0.20 0.01 0.01 2.04 2.04   
0.40 0.20 0.20 0.20 0.01 0.02 2.17 2.17   
0.40 0.20 0.20 0.20 0.03 0.01 2.18 2.31   
0.40 0.20 0.20 0.20 0.03 0.01 1.61 1.65   
0.40 0.20 0.20 0.20 0.02 0.01 1.70 1.75   
0.40 0.20 0.20 0.20 0.03 0.07 2.02 1.99   
0.40 0.20 0.20 0.20 0.03 0.01 1.85 1.87   
0.40 0.20 0.20 0.20 0.01 0.02 2.12 2.08   
0.40 0.20 0.20 0.20 0.03 0.02 2.25 2.35   
0.40 0.20 0.20 0.20 0.02 0.01 2.20 2.16   
0.40 0.20 0.20 0.20 0.01 0.01 1.90 1.87   
0.40 0.20 0.20 0.20 0.02 0.01 2.25 2.24   
0.40 0.20 0.20 0.20 0.05 0.01 1.77 1.81   
0.40 0.20 0.20 0.20 0.03 0.01 1.69 1.71   
0.40 0.20 0.20 0.20 0.04 0.02 2.00 2.07   
0.40 0.20 0.20 0.20 0.04 0.01 1.70 1.71   
0.40 0.20 0.20 0.20 0.05 0.01 1.62 1.73   
0.40 0.20 0.20 0.20 0.02 0.03 1.69 1.74   
0.40 0.20 0.20 0.20 0.02 0.01 1.99 1.96   
0.40 0.20 0.20 0.20 0.02 0.01 2.11 2.14   
0.40 0.20 0.20 0.20 0.04 0.01 2.06 2.08   
0.40 0.20 0.20 0.20 0.01 0.01 1.90 1.88   
0.40 0.20 0.20 0.20 0.05 0.01 1.76 1.84   
0.40 0.20 0.20 0.20 0.01 0.00 1.95 1.88   
0.40 0.20 0.20 0.20 0.02 0.01 1.86 1.81   
0.40 0.20 0.20 0.20 0.02 0.02 2.18 2.19   
0.40 0.20 0.20 0.20 0.01 0.02 1.85 1.83   
0.40 0.20 0.20 0.20 0.02 0.01 1.72 1.65   
0.40 0.20 0.20 0.20 0.01 0.01 1.80 1.80   
0.40 0.20 0.20 0.20 0.01 0.01 1.88 1.83   
0.40 0.20 0.20 0.20 0.01 0.01 1.94 1.91   
0.40 0.20 0.20 0.20 0.01 0.01 2.01 1.95   
0.40 0.20 0.20 0.20 0.01 0.01 2.08 2.15   
0.40 0.20 0.20 0.20 0.01 0.01 1.93 1.96   
0.40 0.20 0.20 0.20 0.02 0.01 1.78 1.92   
0.40 0.20 0.20 0.20 0.02 0.01 1.86 1.90   
0.40 0.20 0.20 0.20 0.02 0.02 2.03 2.02   
0.40 0.20 0.20 0.20 0.00 0.01 2.31 2.17   
0.40 0.20 0.20 0.20 0.02 0.01 2.07 2.04   
0.40 0.20 0.20 0.20 0.01 0.01 1.81 1.67   
0.40 0.20 0.20 0.20 0.01 0.01 1.48 1.61   
0.40 0.20 0.20 0.20 0.02 0.01 2.15 2.15   
0.40 0.20 0.20 0.20 0.02 0.02 2.06 2.04   
0.40 0.20 0.20 0.20 0.02 0.04 1.97 1.93   
0.40 0.20 0.20 0.20 0.01 0.01 1.80 1.76   
0.40 0.20 0.20 0.20 0.01 0.07 1.95 1.77   
0.40 0.20 0.20 0.20 0.01 0.02 2.06 2.06   
0.40 0.20 0.20 0.20 0.01 0.01 2.10 2.00   
0.40 0.20 0.20 0.20 0.01 0.03 1.79 1.75   
0.40 0.20 0.20 0.20 0.01 0.01 2.13 2.18   
0.40 0.20 0.20 0.20 0.01 0.02 1.55 1.63   
0.40 0.20 0.20 0.20 0.01 0.01 2.04 2.07   
0.40 0.20 0.20 0.20 0.01 0.01 1.92 1.96   
0.40 0.20 0.20 0.20 0.05 0.01 1.57 1.61   
0.40 0.20 0.20 0.20 0.02 0.01 1.90 1.93   
0.40 0.20 0.20 0.20 0.01 0.02 2.20 2.18   
0.40 0.20 0.20 0.20 0.01 0.01 1.72 1.76   
0.40 0.20 0.20 0.20 0.01 0.01 1.98 2.01   
0.40 0.20 0.20 0.20 0.01 0.01 1.57 1.57   
0.40 0.20 0.20 0.20 0.01 0.01 2.13 2.14   
0.40 0.20 0.20 0.20 0.01 0.01 1.76 1.80   
0.40 0.20 0.20 0.20 0.01 0.02 2.12 2.18   
0.40 0.20 0.20 0.20 0.01 0.01 1.94 1.94   
0.40 0.20 0.20 0.20 0.01 0.01 2.03 2.01   
0.40 0.20 0.20 0.20 0.01 0.01 1.81 1.86   
0.40 0.20 0.20 0.20 0.01 0.00 1.82 1.76   
0.40 0.20 0.20 0.20 0.02 0.01 2.00 1.91   
0.40 0.20 0.20 0.20 0.01 0.00 1.57 1.51   
0.40 0.20 0.20 0.20 0.02 0.00 1.86 1.79   
0.40 0.20 0.20 0.20 0.01 0.03 1.82 1.84   
0.40 0.20 0.20 0.20 0.01 0.01 2.18 2.23   
0.40 0.20 0.20 0.20 0.01 0.02 1.97 1.97   
0.40 0.20 0.20 0.20 0.02 0.02 2.28 2.15   
0.40 0.20 0.20 0.20 0.01 0.01 1.81 1.72   
0.40 0.20 0.20 0.20 0.02 0.01 1.86 1.82   
0.40 0.20 0.20 0.20 0.04 0.01 1.66 1.64   
0.40 0.20 0.20 0.20 0.01 0.01 2.08 2.12   
0.40 0.20 0.20 0.20 0.01 0.01 2.07 2.12   
0.40 0.20 0.20 0.20 0.01 0.01 2.05 2.10   
0.40 0.20 0.20 0.20 0.01 0.01 1.79 1.83   
0.40 0.20 0.20 0.20 0.02 0.01 1.95 1.96   
0.40 0.20 0.20 0.20 0.01 0.01 1.62 1.54   
0.40 0.20 0.20 0.20 0.01 0.01 1.81 1.70   
0.40 0.20 0.20 0.20 0.02 0.01 1.53 1.50   
0.40 0.20 0.20 0.20 0.02 0.00 1.68 1.78   
0.40 0.20 0.20 0.20 0.01 0.00 1.78 1.78   
0.40 0.20 0.20 0.20 0.01 0.01 1.85 1.84   
0.40 0.20 0.20 0.20 0.01 0.01 1.91 1.98   
0.40 0.20 0.20 0.20 0.01 0.01 2.12 2.11   
0.40 0.20 0.20 0.20 0.02 0.00 1.95 1.95   
0.40 0.20 0.20 0.20 0.01 0.01 1.66 1.65   
0.40 0.20 0.20 0.20 0.02 0.02 2.17 2.20   
0.40 0.20 0.20 0.20 0.01 0.00 1.48 1.45   
0.40 0.20 0.20 0.20 0.00 0.01 1.70 1.72   
0.40 0.20 0.20 0.20 0.02 0.01 2.18 2.23   
0.40 0.20 0.20 0.20 0.01 0.01 1.96 1.96   
0.40 0.20 0.20 0.20 0.01 0.01 1.66 1.71   
0.40 0.20 0.20 0.20 0.01 0.01 1.76 1.78   
0.40 0.20 0.20 0.20 0.01 0.00 1.92 1.95   
0.39 0.20 0.20 0.20 0.01 0.01 1.90 1.87   
0.39 0.20 0.20 0.20 0.01 0.01 1.66 1.68   
0.39 0.20 0.21 0.21 0.02 0.01 2.31 2.32   
0.38 0.20 0.21 0.21 0.01 0.01 2.16 2.10   
0.36 0.21 0.21 0.21 0.01 0.01 1.91 1.91   
0.37 0.20 0.21 0.21 0.02 0.01 2.40 2.40   
0.33 0.23 0.22 0.22 0.00 0.01 1.77 1.70   
0.22 0.35 0.22 0.22 0.00 0.01 1.86 1.78   
0.21 0.38 0.21 0.21 0.01 0.01 1.87 1.85   
0.20 0.39 0.20 0.20 0.01 0.00 1.81 1.86   
0.20 0.39 0.20 0.20 0.01 0.00 1.78 1.83   
0.20 0.40 0.20 0.20 0.02 0.00 2.15 2.05   
0.20 0.40 0.20 0.20 0.00 0.00 2.16 2.06   
0.20 0.40 0.20 0.20 0.01 0.00 1.95 1.87   
0.20 0.40 0.20 0.20 0.01 0.00 1.66 1.64   
0.20 0.39 0.20 0.20 0.01 0.00 1.95 1.79   
0.20 0.40 0.20 0.20 0.01 0.00 2.00 1.91   
0.20 0.39 0.20 0.20 0.05 0.00 1.99 1.95   
0.20 0.40 0.20 0.20 0.06 0.01 1.64 1.74   
0.20 0.40 0.20 0.20 0.03 0.01 2.10 2.16   
0.20 0.40 0.20 0.20 0.03 0.00 2.18 2.18   
0.20 0.40 0.20 0.20 0.02 0.01 1.97 1.94   
0.20 0.40 0.20 0.20 0.01 0.01 1.80 1.76   
0.20 0.40 0.20 0.20 0.01 0.01 1.95 1.86   
0.20 0.40 0.20 0.20 0.05 0.01 1.90 1.90   
0.20 0.40 0.20 0.20 0.01 0.01 2.18 2.11   
0.20 0.40 0.20 0.20 0.01 0.00 1.95 1.97   
0.20 0.40 0.20 0.20 0.01 0.02 1.95 1.96   
0.20 0.40 0.20 0.20 0.02 0.01 1.83 1.91   
0.20 0.40 0.20 0.20 0.01 0.01 1.87 1.90   
0.20 0.40 0.20 0.20 0.02 0.04 1.52 1.54   
0.20 0.40 0.20 0.20 0.01 0.00 1.54 1.57   
0.20 0.40 0.20 0.20 0.03 0.01 2.15 2.16   
0.20 0.40 0.20 0.20 0.01 0.00 2.21 2.08   
0.20 0.40 0.20 0.20 0.01 0.00 1.93 1.90   
0.20 0.40 0.20 0.20 0.01 0.01 2.06 2.03   
0.20 0.40 0.20 0.20 0.01 0.02 1.84 1.78   
0.20 0.40 0.20 0.20 0.01 0.00 1.78 1.87   
0.20 0.40 0.20 0.20 0.01 0.01 1.81 1.82   
0.20 0.40 0.20 0.20 0.01 0.01 2.04 2.09   
0.20 0.40 0.20 0.20 0.02 0.01 1.63 1.67   
0.20 0.40 0.20 0.20 0.01 0.00 1.77 1.80   
0.20 0.40 0.20 0.20 0.04 0.00 1.80 1.70   
0.20 0.40 0.20 0.20 0.02 0.01 1.74 1.68   
0.20 0.40 0.20 0.20 0.03 0.01 1.96 2.03   
0.20 0.40 0.20 0.20 0.02 0.01 1.62 1.64   
0.20 0.40 0.20 0.20 0.01 0.01 1.89 1.84   
0.20 0.40 0.20 0.20 0.01 0.00 1.78 1.80   
0.20 0.40 0.20 0.20 0.01 0.00 1.62 1.68   
0.20 0.40 0.20 0.20 0.00 0.01 1.92 2.01   
0.20 0.40 0.20 0.20 0.04 0.00 1.91 1.94   
0.20 0.40 0.20 0.20 0.01 0.01 1.72 1.68   
0.20 0.40 0.20 0.20 0.01 0.01 1.89 1.84   
0.20 0.40 0.20 0.20 0.01 0.01 1.70 1.86   
0.20 0.40 0.20 0.20 0.01 0.00 1.71 1.80   
0.20 0.40 0.20 0.20 0.01 0.00 1.51 1.59   
0.20 0.40 0.20 0.20 0.02 0.00 1.84 1.81   
0.20 0.40 0.20 0.20 0.01 0.00 2.21 2.20   
0.20 0.40 0.20 0.20 0.01 0.00 2.05 2.08   
0.20 0.40 0.20 0.20 0.01 0.01 1.80 1.81   
0.20 0.40 0.20 0.20 0.01 0.00 2.04 1.99   
0.20 0.40 0.20 0.20 0.01 0.00 1.82 1.83   
0.20 0.40 0.20 0.20 0.01 0.01 1.89 1.93   
0.20 0.40 0.20 0.20 0.02 0.00 1.99 1.93   
0.20 0.40 0.20 0.20 0.00 0.01 1.46 1.57   
0.20 0.40 0.20 0.20 0.02 0.01 1.87 1.84   
0.20 0.40 0.20 0.20 0.02 0.00 2.03 2.12   
0.20 0.40 0.20 0.20 0.01 0.00 1.77 1.84   
0.20 0.40 0.20 0.20 0.02 0.01 1.76 1.72   
0.20 0.40 0.20 0.20 0.01 0.00 1.90 1.90   
0.20 0.40 0.20 0.20 0.01 0.01 1.86 1.79   
0.20 0.40 0.20 0.20 0.01 0.00 1.78 1.72   
0.20 0.40 0.20 0.20 0.02 0.00 1.70 1.71   
0.20 0.40 0.20 0.20 0.00 0.00 2.07 1.98   
0.20 0.40 0.20 0.20 0.02 0.00 1.76 1.66   
0.20 0.40 0.20 0.20 0.01 0.00 2.04 2.05   
0.20 0.40 0.20 0.20 0.01 0.02 1.91 1.93   
0.20 0.40 0.20 0.20 0.01 0.01 2.21 2.18   
0.20 0.40 0.20 0.20 0.01 0.00 1.96 1.90   
0.20 0.40 0.20 0.20 0.00 0.01 1.94 1.96   
0.20 0.40 0.20 0.20 0.01 0.01 1.89 1.97   
0.20 0.40 0.20 0.20 0.01 0.00 2.02 2.01   
0.20 0.40 0.20 0.20 0.00 0.01 1.76 1.70   
0.20 0.40 0.20 0.20 0.01 0.01 1.76 1.72   
0.20 0.40 0.20 0.20 0.02 0.04 1.76 1.84   
0.20 0.40 0.20 0.20 0.01 0.07 1.94 1.98   
0.20 0.40 0.20 0.20 0.02 0.01 2.02 2.03   
0.20 0.40 0.20 0.20 0.01 0.02 1.66 1.66   
0.20 0.40 0.20 0.20 0.01 0.00 1.99 2.04   
0.20 0.40 0.20 0.20 0.01 0.00 1.89 1.78   
0.20 0.40 0.20 0.20 0.01 0.01 1.91 1.91   
0.20 0.40 0.20 0.20 0.01 0.02 1.88 1.85   
0.20 0.40 0.20 0.20 0.01 0.00 1.93 1.97   
0.20 0.40 0.20 0.20 0.01 0.00 2.20 2.30   
0.20 0.40 0.20 0.20 0.01 0.01 1.84 1.79   
0.20 0.40 0.20 0.20 0.00 0.00 2.04 1.90   
0.20 0.40 0.20 0.20 0.00 0.00 1.66 1.72   
0.20 0.40 0.20 0.20 0.01 0.00 2.11 2.03   
0.20 0.40 0.20 0.20 0.01 0.00 1.47 1.45   
0.20 0.40 0.20 0.20 0.01 0.01 1.81 1.83   
0.20 0.40 0.20 0.20 0.01 0.00 1.91 1.93   
0.20 0.40 0.20 0.20 0.01 0.01 2.02 1.96   
0.20 0.40 0.20 0.20 0.01 0.00 1.66 1.70   
0.20 0.40 0.20 0.20 0.03 0.01 1.96 1.88   
0.20 0.40 0.20 0.20 0.00 0.00 1.76 1.73   
0.20 0.40 0.20 0.20 0.00 0.01 1.93 1.93   
0.20 0.40 0.20 0.20 0.00 0.01 1.81 1.86   
0.20 0.40 0.20 0.20 0.00 0.00 1.96 1.93   
0.20 0.40 0.20 0.20 0.00 0.00 1.56 1.66   
0.20 0.40 0.20 0.20 0.01 0.00 2.16 2.17   
0.20 0.40 0.20 0.20 0.01 0.00 1.82 2.01   
0.20 0.40 0.20 0.20 0.03 0.00 1.79 1.85   
0.20 0.40 0.20 0.20 0.01 0.01 1.84 1.83   
0.20 0.40 0.20 0.20 0.01 0.01 2.34 2.38   
0.20 0.40 0.20 0.20 0.02 0.01 2.10 2.06   
0.20 0.40 0.20 0.20 0.01 0.00 1.93 1.97   
0.20 0.40 0.20 0.20 0.01 0.00 2.06 2.15   
0.20 0.40 0.20 0.20 0.00 0.00 2.29 2.22   
0.20 0.40 0.20 0.20 0.01 0.00 1.94 1.89   
0.20 0.40 0.20 0.20 0.01 0.00 1.70 1.65   
0.20 0.40 0.20 0.20 0.01 0.00 2.34 2.24   
0.20 0.40 0.20 0.20 0.00 0.01 2.02 2.02   
0.20 0.40 0.20 0.20 0.01 0.00 1.81 1.93   
0.20 0.40 0.20 0.20 0.01 0.01 1.83 1.87   
0.20 0.40 0.20 0.20 0.01 0.00 1.36 1.46   
0.20 0.40 0.20 0.20 0.01 0.00 2.18 2.07   
0.20 0.40 0.20 0.20 0.01 0.00 1.54 1.52   
0.20 0.40 0.20 0.20 0.00 0.00 1.43 1.38   
0.20 0.40 0.20 0.20 0.01 0.01 2.02 2.14   
0.20 0.40 0.20 0.20 0.00 0.00 1.75 1.76   
0.20 0.40 0.20 0.20 0.02 0.00 1.81 1.78   
0.20 0.40 0.20 0.20 0.00 0.00 1.78 1.78   
0.20 0.40 0.20 0.20 0.01 0.01 1.89 2.02   
0.20 0.40 0.20 0.20 0.01 0.00 1.72 1.73   
0.20 0.40 0.20 0.20 0.02 0.01 2.23 2.19   
0.20 0.40 0.20 0.20 0.02 0.01 1.59 1.55   
0.20 0.40 0.20 0.20 0.02 0.01 1.78 1.79   
0.20 0.40 0.20 0.20 0.01 0.00 1.72 1.80   
0.20 0.40 0.20 0.20 0.01 0.01 1.82 1.86   
0.20 0.40 0.20 0.20 0.01 0.00 1.63 1.63   
0.20 0.40 0.20 0.20 0.01 0.01 2.10 2.02   
0.20 0.40 0.20 0.20 0.01 0.00 2.20 2.18   
0.20 0.40 0.20 0.20 0.01 0.01 1.80 1.73   
0.20 0.40 0.20 0.20 0.01 0.00 1.80 1.90   
0.20 0.40 0.20 0.20 0.01 0.00 1.49 1.51   
0.20 0.40 0.20 0.20 0.00 0.00 1.73 1.70   
0.20 0.40 0.20 0.20 0.01 0.00 1.71 1.63   
0.20 0.40 0.20 0.20 0.00 0.00 1.82 1.85   
0.20 0.40 0.20 0.20 0.00 0.00 1.92 1.85   
0.20 0.40 0.20 0.20 0.01 0.00 1.51 1.57   
0.20 0.40 0.20 0.20 0.00 0.00 1.66 1.69   
0.20 0.40 0.20 0.20 0.00 0.00 1.77 1.89   
0.20 0.40 0.20 0.20 0.00 0.00 1.84 1.90   
0.20 0.40 0.20 0.20 0.01 0.00 1.82 1.86   
0.20 0.40 0.20 0.20 0.00 0.01 2.23 2.12   
0.20 0.40 0.20 0.20 0.01 0.00 1.74 1.66   
0.20 0.40 0.20 0.20 0.00 0.00 1.93 1.95   
0.20 0.40 0.20 0.20 0.00 0.00 1.83 1.89   
0.20 0.40 0.20 0.20 0.01 0.00 1.75 1.80   
0.20 0.40 0.20 0.20 0.00 0.00 1.68 1.74   
0.20 0.40 0.20 0.20 0.00 0.01 2.09 2.08   
0.20 0.40 0.20 0.20 0.01 0.01 2.01 1.86   
0.20 0.40 0.20 0.20 0.00 0.00 2.10 2.14   
0.20 0.40 0.20 0.20 0.02 0.00 1.87 1.96   
0.20 0.40 0.20 0.20 0.01 0.00 1.97 1.93   
0.20 0.40 0.20 0.20 0.01 0.00 1.92 1.86   
0.20 0.40 0.20 0.20 0.01 0.00 1.90 1.85   
0.20 0.40 0.20 0.20 0.01 0.00 2.13 2.15   
0.20 0.40 0.20 0.20 0.01 0.00 1.75 1.72   
0.20 0.40 0.20 0.20 0.01 0.00 2.09 2.02   
0.20 0.40 0.20 0.20 0.00 0.00 1.99 1.99   
0.20 0.40 0.20 0.20 0.01 0.00 1.90 1.88   
0.20 0.40 0.20 0.20 0.00 0.01 1.79 1.84   
0.20 0.40 0.20 0.20 0.00 0.00 2.09 2.18   
0.20 0.40 0.20 0.20 0.01 0.00 1.91 1.86   
0.20 0.40 0.20 0.20 0.01 0.00 1.99 1.98   
0.20 0.40 0.20 0.20 0.00 0.00 2.04 2.20   
0.20 0.40 0.20 0.20 0.01 0.01 1.80 1.80   
0.20 0.40 0.20 0.20 0.01 0.00 1.87 1.81   
0.20 0.40 0.20 0.20 0.01 0.00 1.96 1.92   
0.20 0.40 0.20 0.20 0.02 0.00 1.66 1.59   
0.20 0.40 0.20 0.20 0.00 0.00 1.68 1.68   
0.20 0.40 0.20 0.20 0.00 0.00 1.56 1.48   
0.20 0.40 0.20 0.20 0.01 0.00 1.92 1.94   
0.20 0.40 0.20 0.20 0.00 0.01 1.72 1.70   
0.20 0.40 0.20 0.20 0.01 0.01 1.96 1.96   
0.20 0.40 0.20 0.20 0.00 0.00 1.80 1.76   
0.20 0.40 0.20 0.20 0.01 0.00 1.99 2.10   
0.20 0.40 0.20 0.20 0.00 0.01 1.87 1.95   
0.20 0.40 0.20 0.20 0.00 0.00 1.65 1.60   
0.20 0.40 0.20 0.20 0.00 0.00 1.93 1.97   
0.20 0.40 0.20 0.20 0.00 0.00 1.87 1.86   
0.20 0.40 0.20 0.20 0.00 0.00 2.05 2.12   
0.20 0.40 0.20 0.20 0.01 0.00 1.90 1.99   
0.20 0.40 0.20 0.20 0.01 0.01 1.92 1.83   
0.20 0.40 0.20 0.20 0.01 0.01 1.80 1.89   
0.20 0.40 0.20 0.20 0.00 0.00 1.90 1.90   
0.20 0.40 0.20 0.20 0.00 0.00 1.75 1.84   
0.20 0.40 0.20 0.20 0.00 0.00 1.71 1.77   
0.20 0.40 0.20 0.20 0.01 0.00 1.91 1.94   
0.20 0.40 0.20 0.20 0.00 0.00 1.90 1.84   
0.20 0.40 0.20 0.20 0.00 0.01 1.86 1.96   
0.20 0.40 0.20 0.20 0.01 0.01 1.61 1.70   
0.20 0.40 0.20 0.20 0.01 0.00 1.93 2.03   
0.20 0.40 0.20 0.20 0.01 0.00 1.87 1.93   
0.20 0.40 0.20 0.20 0.01 0.00 2.14 2.20   
0.20 0.40 0.20 0.20 0.00 0.01 2.27 2.24   
0.20 0.40 0.20 0.20 0.00 0.00 2.05 1.94   
0.20 0.40 0.20 0.20 0.00 0.00 1.88 1.95   
0.20 0.40 0.20 0.20 0.00 0.00 1.50 1.58   
0.20 0.40 0.20 0.20 0.00 0.00 1.79 1.85   
0.20 0.40 0.20 0.20 0.00 0.01 1.95 1.89   
0.20 0.40 0.20 0.20 0.01 0.00 1.65 1.53   
0.20 0.40 0.20 0.20 0.00 0.01 1.70 1.75   
0.20 0.40 0.20 0.20 0.00 0.00 1.85 1.78   
0.20 0.40 0.20 0.20 0.00 0.00 1.77 1.84   
0.20 0.40 0.20 0.20 0.01 0.00 1.74 1.77   
0.20 0.40 0.20 0.20 0.01 0.00 1.88 1.98   
0.20 0.40 0.20 0.20 0.01 0.00 1.71 1.67   
0.20 0.40 0.20 0.20 0.01 0.01 1.78 1.84   
0.20 0.40 0.20 0.20 0.00 0.00 1.81 1.85   
0.20 0.40 0.20 0.20 0.01 0.00 2.04 2.08   
0.20 0.40 0.20 0.20 0.00 0.00 1.63 1.54   
0.20 0.40 0.20 0.20 0.01 0.01 1.89 1.91   
0.20 0.40 0.20 0.20 0.01 0.00 1.77 1.83   
0.20 0.40 0.20 0.20 0.01 0.00 1.92 1.83   
0.20 0.40 0.20 0.20 0.01 0.00 2.20 2.16   
0.20 0.40 0.20 0.20 0.00 0.00 1.95 2.11   
0.20 0.40 0.20 0.20 0.00 0.00 1.94 1.97   
0.20 0.40 0.20 0.20 0.00 0.00 1.85 1.75   
0.20 0.40 0.20 0.20 0.01 0.00 1.85 1.96   
0.20 0.40 0.20 0.20 0.00 0.00 1.59 1.61   
0.20 0.40 0.20 0.20 0.00 0.00 1.91 1.95   
0.20 0.40 0.20 0.20 0.00 0.00 2.05 2.08   
0.20 0.40 0.20 0.20 0.01 0.00 2.02 2.03   
0.20 0.40 0.20 0.20 0.00 0.00 2.08 2.05   
0.20 0.40 0.20 0.20 0.00 0.00 1.70 1.76   
0.20 0.40 0.20 0.20 0.00 0.01 1.86 1.91   
0.20 0.40 0.20 0.20 0.00 0.00 1.86 1.88   
0.20 0.40 0.20 0.20 0.00 0.00 1.97 1.94   
0.20 0.40 0.20 0.20 0.00 0.00 2.24 2.01   
0.20 0.40 0.20 0.20 0.00 0.00 2.03 2.01   
0.20 0.40 0.20 0.20 0.01 0.00 1.46 1.48   
0.20 0.40 0.20 0.20 0.00 0.00 2.06 2.03   
0.20 0.40 0.20 0.20 0.00 0.00 1.85 1.81   
0.20 0.40 0.20 0.20 0.00 0.00 1.90 1.83   
0.20 0.40 0.20 0.20 0.00 0.00 2.19 2.16   
0.20 0.40 0.20 0.20 0.00 0.00 1.97 2.02   
0.20 0.40 0.20 0.20 0.01 0.00 2.13 1.96   
0.20 0.40 0.20 0.20 0.00 0.00 1.58 1.69   
0.20 0.40 0.20 0.20 0.01 0.00 1.66 1.65   
0.20 0.40 0.20 0.20 0.00 0.00 1.74 1.81   
0.20 0.40 0.20 0.20 0.00 0.01 2.21 2.17   
0.20 0.40 0.20 0.20 0.00 0.01 1.62 1.72   
0.20 0.40 0.20 0.20 0.01 0.00 2.14 2.14   
0.20 0.40 0.20 0.20 0.00 0.01 1.73 1.73   
0.20 0.40 0.20 0.20 0.01 0.00 1.93 1.87   
0.20 0.40 0.20 0.20 0.00 0.00 1.82 1.84   
0.20 0.40 0.20 0.20 0.01 0.00 2.09 2.19   
0.20 0.40 0.20 0.20 0.00 0.00 2.21 2.30   
0.20 0.40 0.20 0.20 0.00 0.00 1.94 1.86   
0.20 0.40 0.20 0.20 0.00 0.00 2.02 1.98   
0.20 0.40 0.20 0.20 0.00 0.01 1.65 1.71   
0.20 0.40 0.20 0.20 0.00 0.00 2.08 2.02   
0.20 0.40 0.20 0.20 0.01 0.00 1.90 1.81   
0.20 0.40 0.20 0.20 0.00 0.00 1.90 1.91   
0.20 0.40 0.20 0.20 0.01 0.00 1.92 1.88   
0.20 0.40 0.20 0.20 0.00 0.00 1.71 1.75   
0.20 0.40 0.20 0.20 0.00 0.00 1.98 2.05   
0.20 0.40 0.20 0.20 0.01 0.01 1.71 1.60   
0.20 0.40 0.20 0.20 0.00 0.00 2.15 2.17   
0.20 0.40 0.20 0.20 0.00 0.00 1.78 1.81   
0.20 0.40 0.20 0.20 0.00 0.00 1.72 1.68   
0.20 0.40 0.20 0.20 0.00 0.00 1.92 1.88   
0.20 0.40 0.20 0.20 0.00 0.00 1.88 1.79   
0.20 0.40 0.20 0.20 0.00 0.00 1.69 1.62   
0.20 0.40 0.20 0.20 0.00 0.00 1.80 1.68   
0.20 0.40 0.20 0.20 0.00 0.00 1.96 1.97   
0.20 0.40 0.20 0.20 0.01 0.00 1.80 1.73   
0.20 0.40 0.20 0.20 0.01 0.00 2.12 2.17   
0.20 0.40 0.20 0.20 0.01 0.00 1.86 1.85   
0.20 0.40 0.20 0.20 0.00 0.00 1.79 1.77   
0.20 0.40 0.20 0.20 0.00 0.01 1.92 1.91   
0.20 0.40 0.20 0.20 0.00 0.01 2.18 2.14   
0.20 0.40 0.20 0.20 0.00 0.01 1.82 1.78   
0.20 0.40 0.20 0.20 0.00 0.00 2.22 2.21   
0.20 0.40 0.20 0.20 0.01 0.00 1.87 1.87   
0.20 0.40 0.20 0.20 0.02 0.00 2.14 2.11   
0.20 0.40 0.20 0.20 0.00 0.00 1.98 2.01   
0.20 0.40 0.20 0.20 0.01 0.00 1.58 1.57   
0.20 0.40 0.20 0.20 0.00 0.00 1.97 1.93   
0.20 0.40 0.20 0.20 0.00 0.00 1.93 1.85   
0.20 0.40 0.20 0.20 0.00 0.00 2.08 2.04   
0.20 0.40 0.20 0.20 0.00 0.01 1.96 1.98   
0.20 0.40 0.20 0.20 0.00 0.00 1.84 2.03   
0.20 0.40 0.20 0.20 0.00 0.00 1.85 1.78   
0.20 0.40 0.20 0.20 0.01 0.00 1.67 1.68   
0.20 0.40 0.20 0.20 0.00 0.00 1.86 1.80   
0.20 0.40 0.20 0.20 0.00 0.00 1.94 1.94   
0.20 0.40 0.20 0.20 0.00 0.00 1.57 1.63   
0.20 0.40 0.20 0.20 0.00 0.01 1.86 1.95   
0.20 0.40 0.20 0.20 0.01 0.00 1.93 1.95   
0.20 0.40 0.20 0.20 0.00 0.00 1.69 1.69   
0.20 0.40 0.20 0.20 0.00 0.00 2.08 2.11   
0.20 0.40 0.20 0.20 0.00 0.00 1.71 1.65   
0.20 0.40 0.20 0.20 0.00 0.00 1.72 1.71   
0.20 0.40 0.20 0.20 0.01 0.00 2.09 2.07   
0.20 0.40 0.20 0.20 0.00 0.00 1.74 1.66   
0.20 0.40 0.20 0.20 0.01 0.00 2.03 1.89   
0.20 0.40 0.20 0.20 0.00 0.00 1.96 1.97   
0.20 0.40 0.20 0.20 0.00 0.00 1.98 1.95   
0.20 0.40 0.20 0.20 0.00 0.00 1.79 1.92   
0.20 0.40 0.20 0.20 0.00 0.00 1.92 1.92   
0.20 0.40 0.20 0.20 0.00 0.00 1.83 1.82   
0.20 0.40 0.20 0.20 0.00 0.01 2.09 2.09   
0.20 0.40 0.20 0.20 0.00 0.00 1.97 1.96   
0.20 0.40 0.20 0.20 0.00 0.00 1.69 1.70   
0.20 0.40 0.20 0.20 0.00 0.00 2.10 2.04   
0.20 0.40 0.20 0.20 0.00 0.00 2.05 2.00   
0.20 0.40 0.20 0.20 0.00 0.00 2.07 1.96   
0.20 0.40 0.20 0.20 0.00 0.00 1.40 1.44   
0.20 0.40 0.20 0.20 0.00 0.00 1.79 1.86   
0.20 0.40 0.20 0.20 0.00 0.00 1.85 1.75   
0.20 0.40 0.20 0.20 0.00 0.00 1.87 1.80   
0.20 0.40 0.20 0.20 0.00 0.01 1.54 1.55   
0.20 0.40 0.20 0.20 0.00 0.00 1.81 1.79   
0.20 0.40 0.20 0.20 0.00 0.00 2.32 2.27   
0.20 0.40 0.20 0.20 0.01 0.00 1.49 1.41   
0.20 0.40 0.20 0.20 0.00 0.00 1.82 1.83   
0.20 0.40 0.20 0.20 0.00 0.00 2.17 2.13   
0.20 0.40 0.20 0.20 0.01 0.00 1.63 1.62   
0.20 0.40 0.20 0.20 0.00 0.00 2.19 2.16   
0.20 0.40 0.20 0.20 0.00 0.01 1.86 1.78   
0.20 0.40 0.20 0.20 0.00 0.00 1.71 1.70   
0.20 0.40 0.20 0.20 0.01 0.00 1.97 1.83   
0.20 0.40 0.20 0.20 0.00 0.00 2.18 2.08   
0.20 0.40 0.20 0.20 0.00 0.00 1.81 1.77   
0.20 0.40 0.20 0.20 0.00 0.00 2.12 2.09   
0.20 0.40 0.20 0.20 0.00 0.00 1.59 1.60   
0.20 0.40 0.20 0.20 0.01 0.00 2.14 2.16   
0.20 0.40 0.20 0.20 0.00 0.00 1.89 1.88   
0.20 0.40 0.20 0.20 0.00 0.00 1.96 1.96   
0.20 0.40 0.20 0.20 0.00 0.00 2.07 2.02   
0.20 0.40 0.20 0.20 0.00 0.00 1.62 1.66   
0.20 0.40 0.20 0.20 0.00 0.00 1.68 1.64   
0.20 0.40 0.20 0.20 0.00 0.00 1.92 1.87   
0.20 0.40 0.20 0.20 0.00 0.00 1.88 1.87   
0.20 0.40 0.20 0.20 0.00 0.00 1.69 1.74   
0.20 0.40 0.20 0.20 0.00 0.00 1.91 1.80   
0.20 0.40 0.20 0.20 0.00 0.00 1.62 1.65   
0.20 0.40 0.20 0.20 0.00 0.00 1.93 1.91   
0.20 0.40 0.20 0.20 0.01 0.00 2.09 2.07   
0.20 0.40 0.20 0.20 0.00 0.00 1.80 1.86   
0.20 0.40 0.20 0.20 0.01 0.01 1.78 1.85   
0.20 0.40 0.20 0.20 0.00 0.00 1.76 1.71   
0.20 0.40 0.20 0.20 0.00 0.00 1.83 1.90   
0.20 0.40 0.20 0.20 0.01 0.00 1.81 1.91   
0.20 0.40 0.20 0.20 0.01 0.01 1.83 1.92   
0.20 0.40 0.20 0.20 0.00 0.00 1.98 2.08   
0.20 0.40 0.20 0.20 0.00 0.00 2.38 2.41   
0.20 0.40 0.20 0.20 0.00 0.00 1.91 1.97   
0.20 0.40 0.20 0.20 0.00 0.00 1.80 1.74   
0.20 0.40 0.20 0.20 0.00 0.00 1.84 1.82   
0.20 0.40 0.20 0.20 0.00 0.00 1.91 1.88   
0.20 0.40 0.20 0.20 0.01 0.00 1.98 1.95   
0.20 0.40 0.20 0.20 0.00 0.00 2.22 2.31   
0.20 0.40 0.20 0.20 0.00 0.00 2.32 2.26   
0.20 0.40 0.20 0.20 0.00 0.00 1.68 1.65   
0.20 0.40 0.20 0.20 0.01 0.00 1.47 1.51   
0.20 0.40 0.20 0.20 0.00 0.00 1.78 1.69   
0.20 0.40 0.20 0.20 0.00 0.00 1.98 2.00   
0.20 0.40 0.20 0.20 0.00 0.00 1.83 1.89   
0.20 0.40 0.20 0.20 0.00 0.00 2.35 2.43   
0.20 0.40 0.20 0.20 0.00 0.01 1.78 1.80   
0.20 0.40 0.20 0.20 0.00 0.00 1.87 1.88   
0.20 0.40 0.20 0.20 0.00 0.00 2.01 2.14   
0.20 0.40 0.20 0.20 0.01 0.00 1.95 1.95   
0.20 0.40 0.20 0.20 0.01 0.01 1.99 1.99   
0.20 0.40 0.20 0.20 0.01 0.00 2.03 2.03   
0.20 0.40 0.20 0.20 0.01 0.03 1.80 1.99   
0.20 0.40 0.20 0.20 0.00 0.02 2.13 2.16   
0.20 0.40 0.20 0.20 0.00 0.00 1.62 1.59   
0.20 0.40 0.20 0.20 0.01 0.00 1.91 1.88   
0.20 0.40 0.20 0.20 0.00 0.00 1.64 1.63   
0.20 0.40 0.20 0.20 0.00 0.00 1.84 1.95   
0.20 0.40 0.20 0.20 0.00 0.01 2.13 2.06   
0.20 0.40 0.20 0.20 0.00 0.00 1.81 1.63   
0.20 0.40 0.20 0.20 0.00 0.00 1.96 1.99   
0.20 0.40 0.20 0.20 0.01 0.01 1.81 1.78   
0.20 0.40 0.20 0.20 0.00 0.00 2.09 2.03   
0.20 0.40 0.20 0.20 0.00 0.00 2.08 2.05   
0.20 0.40 0.20 0.20 0.01 0.00 1.81 1.77   
0.20 0.40 0.20 0.20 0.00 0.00 1.94 1.95   
0.20 0.40 0.20 0.20 0.00 0.00 1.78 1.86   
0.20 0.40 0.20 0.20 0.00 0.00 1.68 1.64   
0.20 0.40 0.20 0.20 0.00 0.00 2.05 2.03   
0.20 0.40 0.20 0.20 0.00 0.01 1.94 1.98   
0.20 0.40 0.20 0.20 0.00 0.00 1.52 1.48   
0.20 0.40 0.20 0.20 0.00 0.00 2.37 2.38   
0.20 0.40 0.20 0.20 0.00 0.00 2.21 2.22   
0.20 0.40 0.20 0.20 0.00 0.00 1.63 1.57   
0.20 0.40 0.20 0.20 0.00 0.00 1.83 1.89   
0.20 0.40 0.20 0.20 0.00 0.00 1.80 1.70   
0.20 0.40 0.20 0.20 0.00 0.00 1.70 1.65   
0.20 0.40 0.20 0.20 0.01 0.00 2.06 2.01   
0.20 0.40 0.20 0.20 0.00 0.00 1.57 1.61   
0.20 0.40 0.20 0.20 0.00 0.00 2.11 2.09   
0.20 0.40 0.20 0.20 0.00 0.00 1.53 1.63   
0.20 0.40 0.20 0.20 0.01 0.00 1.76 1.66   
0.20 0.40 0.20 0.20 0.00 0.00 1.78 1.72   
0.20 0.40 0.20 0.20 0.00 0.00 2.11 2.16   
0.20 0.40 0.20 0.20 0.00 0.00 1.98 2.07   
0.20 0.40 0.20 0.20 0.01 0.00 1.90 1.91   
0.20 0.40 0.20 0.20 0.00 0.00 1.59 1.65   
0.20 0.40 0.20 0.20 0.00 0.00 2.02 2.02   
0.20 0.40 0.20 0.20 0.00 0.01 1.81 1.84   
0.20 0.40 0.20 0.20 0.01 0.00 1.63 1.65   
0.20 0.40 0.20 0.20 0.00 0.00 1.91 2.00   
0.20 0.40 0.20 0.20 0.01 0.00 1.68 1.71   
0.20 0.40 0.20 0.20 0.00 0.00 1.86 1.86   
0.20 0.40 0.20 0.20 0.00 0.00 2.07 2.07   
0.20 0.40 0.20 0.20 0.00 0.00 1.64 1.65   
0.20 0.40 0.20 0.20 0.00 0.00 1.88 1.77   
0.20 0.40 0.20 0.20 0.00 0.00 1.73 1.69   
0.20 0.40 0.20 0.20 0.00 0.00 2.05 2.01   
0.20 0.40 0.20 0.20 0.00 0.00 2.13 2.15   
0.20 0.40 0.20 0.20 0.00 0.00 1.94 1.95   
0.20 0.40 0.20 0.20 0.00 0.00 1.88 1.88   
0.20 0.40 0.20 0.20 0.00 0.00 2.01 2.03   
0.20 0.40 0.20 0.20 0.00 0.00 2.11 2.10   
0.20 0.40 0.20 0.20 0.00 0.00 1.79 1.75   
0.20 0.40 0.20 0.20 0.00 0.00 1.78 1.76   
0.20 0.40 0.20 0.20 0.00 0.00 1.72 1.78   
0.20 0.40 0.20 0.20 0.00 0.00 1.83 1.85   
0.20 0.40 0.20 0.20 0.00 0.00 1.62 1.60   
0.20 0.40 0.20 0.20 0.00 0.00 2.14 2.18   
0.20 0.40 0.20 0.20 0.01 0.00 2.00 1.95   
0.20 0.40 0.20 0.20 0.00 0.00 1.72 1.74   
0.20 0.40 0.20 0.20 0.00 0.00 1.98 1.89   
0.20 0.40 0.20 0.20 0.00 0.00 1.75 1.70   
0.20 0.40 0.20 0.20 0.00 0.01 1.89 1.92   
0.20 0.40 0.20 0.20 0.00 0.00 1.85 1.77   
0.20 0.40 0.20 0.20 0.00 0.00 2.00 2.13   
0.20 0.40 0.20 0.20 0.00 0.00 1.75 1.78   
0.20 0.40 0.20 0.20 0.00 0.00 1.84 1.79   
0.20 0.40 0.20 0.20 0.00 0.00 1.90 1.84   
0.20 0.40 0.20 0.20 0.00 0.00 1.57 1.58   
0.20 0.40 0.20 0.20 0.01 0.00 1.99 1.97   
0.20 0.40 0.20 0.20 0.00 0.00 2.10 2.09   
0.20 0.40 0.20 0.20 0.00 0.00 2.16 2.22   
0.20 0.40 0.20 0.20 0.00 0.00 1.99 1.96   
0.20 0.40 0.20 0.20 0.00 0.00 1.46 1.40   
0.20 0.40 0.20 0.20 0.00 0.00 2.01 1.98   
0.20 0.40 0.20 0.20 0.01 0.00 2.12 2.09   
0.20 0.40 0.20 0.20 0.00 0.00 1.97 2.00   
0.20 0.40 0.20 0.20 0.00 0.00 1.73 1.70   
0.20 0.40 0.20 0.20 0.00 0.00 1.92 2.00   
0.20 0.40 0.20 0.20 0.00 0.00 1.46 1.43   
0.20 0.40 0.20 0.20 0.01 0.00 2.03 2.02   
0.20 0.40 0.20 0.20 0.01 0.01 1.62 1.63   
0.20 0.40 0.20 0.20 0.01 0.00 2.00 1.89   
0.20 0.40 0.20 0.20 0.00 0.00 2.14 2.20   
0.20 0.40 0.20 0.20 0.00 0.01 1.65 1.63   
0.20 0.40 0.20 0.20 0.00 0.00 1.87 1.94   
0.20 0.40 0.20 0.20 0.00 0.00 1.59 1.59   
0.20 0.40 0.20 0.20 0.00 0.00 1.90 1.88   
0.20 0.40 0.20 0.20 0.01 0.00 2.07 2.06   
0.20 0.40 0.20 0.20 0.00 0.00 1.94 1.97   
0.20 0.40 0.20 0.20 0.00 0.00 1.84 1.86   
0.20 0.40 0.20 0.20 0.00 0.00 1.70 1.75   
0.20 0.40 0.20 0.20 0.00 0.00 1.72 1.73   
0.20 0.40 0.20 0.20 0.00 0.00 1.95 2.00   
0.20 0.40 0.20 0.20 0.00 0.00 1.89 1.85   
0.20 0.40 0.20 0.20 0.01 0.00 1.85 1.95   
0.20 0.40 0.20 0.20 0.00 0.00 1.72 1.73   
0.20 0.40 0.20 0.20 0.00 0.00 1.85 1.83   
0.20 0.40 0.20 0.20 0.00 0.00 2.21 2.17   
0.20 0.40 0.20 0.20 0.00 0.00 1.86 2.04   
0.20 0.40 0.20 0.20 0.00 0.00 2.01 2.04   
0.20 0.40 0.20 0.20 0.00 0.00 1.69 1.74   
0.20 0.40 0.20 0.20 0.00 0.00 1.77 1.68   
0.20 0.40 0.20 0.20 0.00 0.00 2.19 2.02   
0.20 0.40 0.20 0.20 0.00 0.00 1.94 2.05   
0.20 0.40 0.20 0.20 0.00 0.00 1.78 1.74   
0.20 0.40 0.20 0.20 0.00 0.00 1.97 1.96   
0.20 0.40 0.20 0.20 0.00 0.00 2.13 2.07   
0.20 0.40 0.20 0.20 0.00 0.00 1.71 1.72   
0.20 0.40 0.20 0.20 0.00 0.00 2.07 2.23   
0.20 0.40 0.20 0.20 0.00 0.00 1.72 1.79   
0.20 0.40 0.20 0.20 0.01 0.00 1.73 1.77   
0.20 0.40 0.20 0.20 0.00 0.00 1.95 1.97   
0.20 0.40 0.20 0.20 0.00 0.00 2.17 2.13   
0.20 0.40 0.20 0.20 0.01 0.00 2.29 2.28   
0.20 0.40 0.20 0.20 0.00 0.00 2.12 2.11   
0.20 0.40 0.20 0.20 0.00 0.00 2.11 2.16   
0.20 0.40 0.20 0.20 0.00 0.00 1.64 1.66   
0.20 0.40 0.20 0.20 0.01 0.00 1.93 1.89   
0.20 0.40 0.20 0.20 0.00 0.00 1.89 1.83   
0.20 0.40 0.20 0.20 0.00 0.00 2.14 2.10   
0.20 0.40 0.20 0.20 0.00 0.00 1.97 1.94   
0.20 0.40 0.20 0.20 0.00 0.00 2.15 2.07   
0.20 0.40 0.20 0.20 0.00 0.00 1.95 1.96   
0.20 0.40 0.20 0.20 0.01 0.00 1.56 1.65   
0.20 0.40 0.20 0.20 0.00 0.00 2.07 2.11   
0.20 0.40 0.20 0.20 0.00 0.00 2.05 1.95   
0.20 0.40 0.20 0.20 0.00 0.00 1.79 1.79   
0.20 0.40 0.20 0.20 0.00 0.00 1.73 1.75   
0.20 0.40 0.20 0.20 0.00 0.00 2.18 2.06   
0.20 0.40 0.20 0.20 0.00 0.00 1.55 1.63   
0.20 0.40 0.20 0.20 0.00 0.00 1.55 1.52   
0.20 0.40 0.20 0.20 0.00 0.00 1.53 1.54   
0.20 0.40 0.20 0.20 0.00 0.00 1.97 1.97   
0.20 0.40 0.20 0.20 0.00 0.00 1.82 1.82   
0.20 0.40 0.20 0.20 0.01 0.01 1.69 1.66   
0.20 0.40 0.20 0.20 0.01 0.00 1.97 1.95   
0.20 0.40 0.20 0.20 0.00 0.00 2.20 2.25   
0.20 0.40 0.20 0.20 0.00 0.00 1.69 1.71   
0.20 0.40 0.20 0.20 0.00 0.00 1.93 1.83   
0.20 0.40 0.20 0.20 0.00 0.00 1.82 1.79   
0.20 0.40 0.20 0.20 0.00 0.00 1.95 1.89   
0.20 0.40 0.20 0.20 0.00 0.00 1.75 1.77   
0.20 0.40 0.20 0.20 0.00 0.00 1.91 1.86   
0.20 0.40 0.20 0.20 0.00 0.00 1.67 1.54   
0.20 0.40 0.20 0.20 0.00 0.00 1.92 1.89   
0.20 0.40 0.20 0.20 0.00 0.00 1.54 1.48   
0.20 0.40 0.20 0.20 0.00 0.00 1.92 1.85   
0.20 0.40 0.20 0.20 0.00 0.00 1.72 1.65   
0.20 0.40 0.20 0.20 0.00 0.00 1.83 1.72   
0.20 0.40 0.20 0.20 0.00 0.00 1.89 1.85   
0.20 0.40 0.20 0.20 0.00 0.00 1.74 1.73   
0.20 0.40 0.20 0.20 0.00 0.00 2.33 2.26   
0.20 0.40 0.20 0.20 0.00 0.00 1.69 1.79   
0.20 0.40 0.20 0.20 0.00 0.00 2.08 1.97   
0.20 0.40 0.20 0.20 0.00 0.00 1.80 1.79   
0.20 0.40 0.20 0.20 0.00 0.00 2.04 1.98   
0.20 0.40 0.20 0.20 0.00 0.01 2.21 2.17   
0.20 0.40 0.20 0.20 0.00 0.00 1.98 2.00   
0.20 0.40 0.20 0.20 0.00 0.00 1.73 1.79   
0.20 0.40 0.20 0.20 0.00 0.00 1.87 1.78   
0.20 0.40 0.20 0.20 0.00 0.00 1.92 2.03   
0.20 0.40 0.20 0.20 0.00 0.00 1.99 2.04   
0.20 0.40 0.20 0.20 0.00 0.00 1.88 1.85   
0.20 0.40 0.20 0.20 0.00 0.00 1.90 1.79   
0.20 0.40 0.20 0.20 0.00 0.00 2.02 2.04   
0.20 0.40 0.20 0.20 0.01 0.00 1.92 1.89   
0.20 0.40 0.20 0.20 0.00 0.00 2.09 2.05   
0.20 0.40 0.20 0.20 0.00 0.00 1.63 1.56   
0.20 0.40 0.20 0.20 0.00 0.00 2.15 2.04   
0.20 0.40 0.20 0.20 0.00 0.01 1.88 1.85   
0.20 0.40 0.20 0.20 0.00 0.00 1.68 1.71   
0.20 0.40 0.20 0.20 0.00 0.00 2.17 2.04   
0.20 0.40 0.20 0.20 0.00 0.00 1.86 1.84   
0.20 0.40 0.20 0.20 0.00 0.00 1.59 1.68   
0.20 0.40 0.20 0.20 0.00 0.00 1.81 1.88   
0.20 0.40 0.20 0.20 0.00 0.00 1.77 1.72   
0.20 0.40 0.20 0.20 0.00 0.00 1.41 1.45   
0.20 0.40 0.20 0.20 0.00 0.00 1.87 1.92   
0.20 0.40 0.20 0.20 0.00 0.00 1.93 1.93   
0.20 0.40 0.20 0.20 0.00 0.00 1.70 1.79   
0.20 0.40 0.20 0.20 0.00 0.00 2.02 2.06   
0.20 0.40 0.20 0.20 0.00 0.00 1.85 1.90   
0.20 0.40 0.20 0.20 0.00 0.00 2.38 2.33   
0.20 0.40 0.20 0.20 0.00 0.00 2.21 2.16   
0.20 0.40 0.20 0.20 0.00 0.00 1.70 1.70   
0.20 0.40 0.20 0.20 0.01 0.00 1.83 1.83   
0.20 0.40 0.20 0.20 0.00 0.00 1.78 1.77   
0.20 0.40 0.20 0.20 0.00 0.00 1.91 1.97   
0.20 0.40 0.20 0.20 0.00 0.00 1.61 1.56   
0.20 0.40 0.20 0.20 0.01 0.00 1.94 2.07   
0.20 0.40 0.20 0.20 0.00 0.00 1.56 1.54   
0.20 0.40 0.20 0.20 0.00 0.00 1.99 2.05   
0.20 0.40 0.20 0.20 0.00 0.00 2.06 2.11   
0.20 0.40 0.20 0.20 0.00 0.00 1.79 1.84   
0.20 0.40 0.20 0.20 0.00 0.00 1.97 1.91   
0.20 0.40 0.20 0.20 0.00 0.00 1.70 1.82   
0.20 0.40 0.20 0.20 0.00 0.00 1.59 1.61   
0.20 0.40 0.20 0.20 0.00 0.00 1.99 1.93   
0.20 0.40 0.20 0.20 0.00 0.01 1.81 1.73   
0.20 0.40 0.20 0.20 0.00 0.00 2.00 2.01   
0.20 0.40 0.20 0.20 0.00 0.00 1.93 1.97   
0.20 0.40 0.20 0.20 0.00 0.00 1.80 1.74   
0.20 0.40 0.20 0.20 0.00 0.00 1.78 1.76   
0.20 0.40 0.20 0.20 0.00 0.00 1.84 1.81   
0.20 0.40 0.20 0.20 0.00 0.01 1.78 1.79   
0.20 0.40 0.20 0.20 0.00 0.00 1.99 1.85   
0.20 0.40 0.20 0.20 0.01 0.00 1.96 2.07   
0.20 0.40 0.20 0.20 0.00 0.00 1.70 1.76   
0.20 0.40 0.20 0.20 0.00 0.00 2.22 2.18   
0.20 0.40 0.20 0.20 0.00 0.00 2.20 2.22   
0.20 0.40 0.20 0.20 0.02 0.00 1.85 1.89   
0.20 0.40 0.20 0.20 0.00 0.00 1.56 1.59   
0.20 0.40 0.20 0.20 0.01 0.00 1.72 1.83   
0.20 0.40 0.20 0.20 0.00 0.00 1.97 1.96   
0.20 0.40 0.20 0.20 0.00 0.00 1.73 1.66   
0.20 0.40 0.20 0.20 0.00 0.01 1.82 1.95   
0.20 0.40 0.20 0.20 0.01 0.00 1.81 1.87   
0.20 0.40 0.20 0.20 0.00 0.00 1.92 1.91   
0.20 0.40 0.20 0.20 0.00 0.00 1.77 1.75   
0.20 0.40 0.20 0.20 0.00 0.00 2.09 2.11   
0.20 0.40 0.20 0.20 0.00 0.00 1.89 2.03   
0.20 0.40 0.20 0.20 0.01 0.00 1.75 1.75   
0.20 0.40 0.20 0.20 0.00 0.00 1.55 1.53   
0.20 0.40 0.20 0.20 0.00 0.00 1.92 1.80   
0.20 0.40 0.20 0.20 0.00 0.00 1.60 1.64   
0.20 0.40 0.20 0.20 0.00 0.00 1.84 1.83   
0.20 0.40 0.20 0.20 0.01 0.00 2.08 2.09   
0.20 0.40 0.20 0.20 0.00 0.00 2.00 1.98   
0.20 0.40 0.20 0.20 0.00 0.00 1.72 1.72   
0.20 0.40 0.20 0.20 0.00 0.00 1.89 1.92   
0.20 0.40 0.20 0.20 0.00 0.00 1.70 1.70   
0.20 0.40 0.20 0.20 0.00 0.00 2.00 1.89   
0.20 0.40 0.20 0.20 0.00 0.00 2.16 2.15   
0.20 0.40 0.20 0.20 0.00 0.00 2.10 2.08   
0.20 0.40 0.20 0.20 0.00 0.00 1.56 1.52   
0.20 0.40 0.20 0.20 0.00 0.00 1.50 1.55   
0.20 0.40 0.20 0.20 0.00 0.00 2.26 2.30   
0.20 0.40 0.20 0.20 0.00 0.00 2.01 2.03   
0.20 0.40 0.20 0.20 0.00 0.00 1.64 1.61   
0.20 0.40 0.20 0.20 0.00 0.00 2.04 2.02   
0.20 0.40 0.20 0.20 0.00 0.00 1.99 1.90   
0.20 0.40 0.20 0.20 0.00 0.00 1.86 1.86   
0.20 0.40 0.20 0.20 0.00 0.00 2.09 2.14   
0.20 0.40 0.20 0.20 0.00 0.00 1.83 1.79   
0.20 0.40 0.20 0.20 0.00 0.00 1.67 1.78   
0.20 0.40 0.20 0.20 0.00 0.00 1.75 1.72   
0.20 0.40 0.20 0.20 0.00 0.00 1.89 1.92   
0.20 0.40 0.20 0.20 0.00 0.01 2.12 2.27   
0.20 0.40 0.20 0.20 0.00 0.00 1.65 1.59   
0.20 0.40 0.20 0.20 0.00 0.00 1.95 1.91   
0.20 0.40 0.20 0.20 0.00 0.01 1.84 1.90   
0.20 0.40 0.20 0.20 0.00 0.00 1.82 1.81   
0.20 0.40 0.20 0.20 0.00 0.00 1.84 1.76   
0.20 0.40 0.20 0.20 0.00 0.00 2.14 2.27   
0.20 0.40 0.20 0.20 0.00 0.00 1.94 1.96   
0.20 0.40 0.20 0.20 0.00 0.00 1.87 1.85   
0.20 0.40 0.20 0.20 0.00 0.00 1.59 1.70   
0.20 0.40 0.20 0.20 0.00 0.00 2.03 2.00   
0.20 0.40 0.20 0.20 0.00 0.00 1.86 1.81   
0.20 0.40 0.20 0.20 0.00 0.00 1.76 1.64   
0.20 0.40 0.20 0.20 0.00 0.00 2.31 2.36   
0.20 0.40 0.20 0.20 0.00 0.00 1.75 1.76   
0.20 0.40 0.20 0.20 0.00 0.00 1.74 1.62   
0.20 0.40 0.20 0.20 0.00 0.00 1.80 1.88   
0.20 0.40 0.20 0.20 0.00 0.00 2.18 2.17   
0.20 0.40 0.20 0.20 0.00 0.00 2.27 2.16   
0.20 0.40 0.20 0.20 0.00 0.00 1.53 1.47   
0.20 0.40 0.20 0.20 0.00 0.00 2.18 2.16   
0.20 0.40 0.20 0.20 0.00 0.00 1.99 1.98   
0.20 0.40 0.20 0.20 0.00 0.00 1.72 1.52   
0.20 0.40 0.20 0.20 0.00 0.00 1.99 1.97   
0.20 0.40 0.20 0.20 0.00 0.00 1.91 1.91   
0.20 0.40 0.20 0.20 0.00 0.00 1.73 1.81   
0.20 0.40 0.20 0.20 0.00 0.00 1.73 1.73   
0.20 0.40 0.20 0.20 0.01 0.00 1.84 1.90   
0.20 0.40 0.20 0.20 0.00 0.00 1.94 2.01   
0.20 0.40 0.20 0.20 0.00 0.00 1.87 1.89   
0.20 0.40 0.20 0.20 0.01 0.00 2.10 2.11   
0.20 0.40 0.20 0.20 0.00 0.00 1.99 2.00   
0.20 0.40 0.20 0.20 0.01 0.00 1.99 1.90   
0.20 0.40 0.20 0.20 0.00 0.00 2.37 2.33   
0.20 0.40 0.20 0.20 0.00 0.00 1.84 1.78   
0.20 0.40 0.20 0.20 0.00 0.00 1.78 1.81   
0.20 0.40 0.20 0.20 0.00 0.00 2.12 2.15   
0.20 0.40 0.20 0.20 0.00 0.00 1.76 1.71   
0.20 0.40 0.20 0.20 0.00 0.00 1.84 1.82   
0.20 0.40 0.20 0.20 0.01 0.00 2.08 2.11   
0.20 0.40 0.20 0.20 0.01 0.00 1.83 1.77   
0.20 0.40 0.20 0.20 0.00 0.00 1.90 1.94   
0.20 0.40 0.20 0.20 0.00 0.00 2.03 2.05   
0.20 0.40 0.20 0.20 0.00 0.00 2.09 2.01   
0.20 0.40 0.20 0.20 0.00 0.00 1.96 1.90   
0.20 0.40 0.20 0.20 0.00 0.00 1.76 1.77   
0.20 0.40 0.20 0.20 0.00 0.00 1.52 1.44   
0.20 0.40 0.20 0.20 0.00 0.00 2.05 2.03   
0.20 0.40 0.20 0.20 0.00 0.00 1.77 1.79   
0.20 0.40 0.20 0.20 0.00 0.00 1.73 1.66   
0.20 0.40 0.20 0.20 0.00 0.00 1.73 1.65   
0.20 0.40 0.20 0.20 0.01 0.00 1.83 1.87   
0.20 0.40 0.20 0.20 0.00 0.00 1.99 1.97   
0.20 0.40 0.20 0.20 0.00 0.00 1.83 1.84   
0.20 0.40 0.20 0.20 0.00 0.00 1.80 1.83   
0.20 0.40 0.20 0.20 0.00 0.00 1.94 1.93   
0.20 0.40 0.20 0.20 0.00 0.00 1.68 1.74   
0.20 0.40 0.20 0.20 0.00 0.00 1.73 1.67   
0.20 0.40 0.20 0.20 0.00 0.00 1.85 1.85   
0.20 0.40 0.20 0.20 0.00 0.00 2.09 2.04   
0.20 0.40 0.20 0.20 0.00 0.00 1.81 1.75   
0.20 0.40 0.20 0.20 0.00 0.00 1.49 1.42   
0.20 0.40 0.20 0.20 0.00 0.00 1.92 1.96   
0.20 0.40 0.20 0.20 0.00 0.00 2.54 2.55   
0.20 0.40 0.20 0.20 0.00 0.00 1.87 1.89   
0.20 0.40 0.20 0.20 0.00 0.00 1.76 1.83   
0.20 0.40 0.20 0.20 0.00 0.00 2.01 1.96   
0.20 0.40 0.20 0.20 0.00 0.00 1.62 1.70   
0.20 0.40 0.20 0.20 0.00 0.00 1.96 2.04   
0.20 0.40 0.20 0.20 0.00 0.00 1.93 1.94   
0.20 0.40 0.20 0.20 0.00 0.00 1.80 1.78   
0.20 0.40 0.20 0.20 0.01 0.00 1.58 1.61   
0.20 0.40 0.20 0.20 0.00 0.00 1.87 1.82   
0.20 0.40 0.20 0.20 0.00 0.00 1.99 1.99   
0.20 0.40 0.20 0.20 0.00 0.00 2.06 2.05   
0.20 0.40 0.20 0.20 0.00 0.00 2.05 2.05   
0.20 0.40 0.20 0.20 0.00 0.00 1.54 1.54   
0.20 0.40 0.20 0.20 0.00 0.00 1.80 1.90   
0.20 0.40 0.20 0.20 0.00 0.00 1.56 1.62   
0.20 0.40 0.20 0.20 0.00 0.00 1.64 1.56   
0.20 0.40 0.20 0.20 0.00 0.00 1.70 1.73   
0.20 0.40 0.20 0.20 0.00 0.00 1.96 1.91   
0.20 0.40 0.20 0.20 0.01 0.00 1.67 1.60   
0.20 0.40 0.20 0.20 0.00 0.00 1.84 1.82   
0.20 0.40 0.20 0.20 0.00 0.00 2.09 2.04   
0.20 0.40 0.20 0.20 0.00 0.00 2.11 2.22   
0.20 0.40 0.20 0.20 0.00 0.00 1.79 1.71   
0.20 0.40 0.20 0.20 0.00 0.00 1.89 1.88   
0.20 0.40 0.20 0.20 0.00 0.00 1.93 1.87   
0.20 0.40 0.20 0.20 0.00 0.00 1.73 1.71   
0.20 0.40 0.20 0.20 0.00 0.00 1.89 1.88   
0.20 0.40 0.20 0.20 0.00 0.00 2.01 1.95   
0.20 0.40 0.20 0.20 0.00 0.00 2.02 1.97   
0.20 0.40 0.20 0.20 0.00 0.00 2.40 2.33   
0.20 0.40 0.20 0.20 0.00 0.00 1.97 2.03   
0.20 0.40 0.20 0.20 0.01 0.00 2.22 2.16   
0.20 0.40 0.20 0.20 0.00 0.00 1.87 1.85   
0.20 0.40 0.20 0.20 0.00 0.00 1.71 1.71   
0.20 0.40 0.20 0.20 0.00 0.00 1.98 1.99   
0.20 0.40 0.20 0.20 0.00 0.00 1.93 1.97   
0.20 0.40 0.20 0.20 0.00 0.00 1.36 1.51   
0.20 0.40 0.20 0.20 0.00 0.00 1.66 1.64   
0.20 0.40 0.20 0.20 0.00 0.00 1.93 1.95   
0.20 0.40 0.20 0.20 0.00 0.00 1.64 1.63   
0.20 0.40 0.20 0.20 0.00 0.00 1.75 1.69   
0.20 0.40 0.20 0.20 0.00 0.00 1.85 1.92   
0.20 0.40 0.20 0.20 0.00 0.00 2.08 2.01   
0.20 0.40 0.20 0.20 0.00 0.00 2.06 1.99   
0.20 0.40 0.20 0.20 0.00 0.00 1.78 1.76   
0.20 0.40 0.20 0.20 0.00 0.00 1.52 1.54   
0.20 0.40 0.20 0.20 0.00 0.00 1.81 1.90   
0.20 0.40 0.20 0.20 0.00 0.00 1.96 2.09   
0.20 0.40 0.20 0.20 0.00 0.00 2.13 2.18   
0.20 0.40 0.20 0.20 0.00 0.00 1.81 1.74   
0.20 0.40 0.20 0.20 0.00 0.00 2.61 2.65   
0.20 0.40 0.20 0.20 0.00 0.00 1.81 1.70   
0.20 0.40 0.20 0.20 0.00 0.00 2.12 2.06   
0.20 0.40 0.20 0.20 0.00 0.00 1.65 1.73   
0.20 0.40 0.20 0.20 0.00 0.00 1.74 1.81   
0.20 0.40 0.20 0.20 0.00 0.00 1.81 1.84   
0.20 0.40 0.20 0.20 0.00 0.00 1.81 1.85   
0.20 0.40 0.20 0.20 0.00 0.00 1.80 1.79   
0.20 0.40 0.20 0.20 0.00 0.00 1.64 1.59   
0.20 0.40 0.20 0.20 0.00 0.00 1.75 1.69   
0.20 0.40 0.20 0.20 0.00 0.00 2.14 2.22   
0.20 0.40 0.20 0.20 0.00 0.00 1.96 1.88   
0.20 0.40 0.20 0.20 0.00 0.00 1.79 1.82   
0.20 0.40 0.20 0.20 0.00 0.00 1.67 1.66   
0.20 0.40 0.20 0.20 0.00 0.00 1.54 1.53   
0.20 0.40 0.20 0.20 0.00 0.00 1.84 1.80   
0.20 0.40 0.20 0.20 0.00 0.00 2.00 2.11   
0.20 0.40 0.20 0.20 0.00 0.00 1.67 1.68   
0.20 0.40 0.20 0.20 0.00 0.00 2.12 2.13   
0.20 0.40 0.20 0.20 0.00 0.00 2.03 2.12   
0.20 0.40 0.20 0.20 0.00 0.00 1.65 1.63   
0.20 0.40 0.20 0.20 0.00 0.00 2.04 2.01   
0.20 0.40 0.20 0.20 0.00 0.00 2.19 2.27   
0.20 0.40 0.20 0.20 0.00 0.00 1.88 1.79   
0.20 0.40 0.20 0.20 0.00 0.00 1.93 1.99   
0.20 0.40 0.20 0.20 0.00 0.00 2.00 2.03   
0.20 0.40 0.20 0.20 0.00 0.00 1.86 1.75   
0.20 0.40 0.20 0.20 0.00 0.00 1.87 1.79   
0.20 0.40 0.20 0.20 0.00 0.00 1.52 1.55   
0.20 0.40 0.20 0.20 0.00 0.00 1.80 1.79   
0.20 0.40 0.20 0.20 0.00 0.00 1.75 1.68   
0.20 0.40 0.20 0.20 0.00 0.00 1.77 1.85   
0.20 0.40 0.20 0.20 0.00 0.00 1.84 1.87   
0.20 0.40 0.20 0.20 0.00 0.00 1.60 1.56   
0.20 0.40 0.20 0.20 0.00 0.00 1.50 1.48   
0.20 0.40 0.20 0.20 0.01 0.00 1.92 1.96   
0.20 0.40 0.20 0.20 0.00 0.00 1.85 1.86   
0.20 0.40 0.20 0.20 0.00 0.00 2.07 2.04   
0.20 0.40 0.20 0.20 0.00 0.00 2.10 2.20   
0.20 0.40 0.20 0.20 0.00 0.00 1.42 1.52   
0.20 0.40 0.20 0.20 0.00 0.00 1.65 1.61   
0.20 0.40 0.20 0.20 0.00 0.00 1.74 1.71   
0.20 0.40 0.20 0.20 0.01 0.00 1.73 1.81   
0.20 0.40 0.20 0.20 0.00 0.00 1.77 1.86   
0.20 0.40 0.20 0.20 0.00 0.00 1.93 1.96   
0.20 0.40 0.20 0.20 0.00 0.00 1.75 1.74   
0.20 0.40 0.20 0.20 0.00 0.00 1.92 1.81   
0.20 0.40 0.20 0.20 0.00 0.00 1.86 1.81   
0.20 0.40 0.20 0.20 0.00 0.00 1.88 1.94   
0.20 0.40 0.20 0.20 0.00 0.00 1.96 1.92   
0.20 0.40 0.20 0.20 0.00 0.00 2.02 1.97   
0.20 0.40 0.20 0.20 0.01 0.00 2.01 2.10   
0.20 0.40 0.20 0.20 0.01 0.00 1.86 1.83   
0.20 0.40 0.20 0.20 0.00 0.00 1.94 1.94   
0.20 0.40 0.20 0.20 0.00 0.00 1.76 1.77   
0.20 0.40 0.20 0.20 0.00 0.00 1.97 1.95   
0.20 0.40 0.20 0.20 0.00 0.00 1.89 2.02   
0.20 0.40 0.20 0.20 0.00 0.00 2.27 2.27   
0.20 0.40 0.20 0.20 0.00 0.00 2.10 2.12   
0.20 0.40 0.20 0.20 0.00 0.00 2.09 2.00   
0.20 0.40 0.20 0.20 0.00 0.00 2.30 2.29   
0.20 0.40 0.20 0.20 0.00 0.00 1.89 1.86   
0.20 0.40 0.20 0.20 0.00 0.00 1.70 1.77   
0.20 0.40 0.20 0.20 0.00 0.00 1.82 1.77   
0.20 0.40 0.20 0.20 0.00 0.00 1.81 1.80   
0.20 0.40 0.20 0.20 0.00 0.00 2.12 2.09   
0.20 0.40 0.20 0.20 0.00 0.00 1.96 1.88   
0.20 0.40 0.20 0.20 0.00 0.01 1.52 1.66   
0.20 0.40 0.20 0.20 0.00 0.00 1.78 1.77   
0.20 0.40 0.20 0.20 0.00 0.00 1.86 1.80   
0.20 0.40 0.20 0.20 0.00 0.00 1.91 1.94   
0.20 0.40 0.20 0.20 0.00 0.00 2.01 1.95   
0.20 0.40 0.20 0.20 0.00 0.00 2.00 1.90   
0.20 0.40 0.20 0.20 0.00 0.00 1.89 1.89   
0.20 0.40 0.20 0.20 0.00 0.00 1.70 1.76   
0.20 0.40 0.20 0.20 0.00 0.00 2.03 2.08   
0.20 0.40 0.20 0.20 0.00 0.00 1.66 1.67   
0.20 0.40 0.20 0.20 0.00 0.00 2.13 2.09   
0.20 0.40 0.20 0.20 0.00 0.00 2.11 2.09   
0.20 0.40 0.20 0.20 0.00 0.00 1.57 1.65   
0.20 0.40 0.20 0.20 0.01 0.00 2.08 2.06   
0.20 0.40 0.20 0.20 0.00 0.00 2.15 2.09   
0.20 0.40 0.20 0.20 0.00 0.00 1.90 1.90   
0.20 0.40 0.20 0.20 0.00 0.00 1.68 1.69   
0.20 0.40 0.20 0.20 0.00 0.00 1.82 1.82   
0.20 0.40 0.20 0.20 0.00 0.00 1.72 1.66   
0.20 0.40 0.20 0.20 0.00 0.00 2.07 2.07   
