0.25 0.25 0.25 0.25 1.89 1.81 2.01 2.02 2.13 2.57  
0.25 0.25 0.25 0.25 2.31 1.49 1.60 1.85 1.65 1.47  
0.25 0.25 0.25 0.25 1.79 1.86 1.89 1.55 1.59 1.31  
0.25 0.25 0.25 0.25 1.48 1.10 1.29 1.49 1.49 1.46  
0.25 0.25 0.25 0.25 1.10 1.52 0.70 1.57 1.47 1.49  
0.25 0.25 0.25 0.25 1.03 1.07 1.49 1.70 1.45 1.58  
0.25 0.25 0.25 0.25 1.16 1.08 0.82 1.38 1.25 1.21  
0.25 0.25 0.25 0.25 0.89 1.11 1.17 1.34 1.25 1.40  
0.25 0.25 0.25 0.25 0.52 0.99 0.84 1.15 1.01 1.06  
0.25 0.25 0.25 0.25 1.05 0.57 0.64 1.47 1.23 1.34  
0.25 0.25 0.25 0.25 0.86 0.66 1.23 1.43 1.41 1.38  
0.25 0.25 0.25 0.25 0.94 1.41 2.39 1.42 1.24 1.02  
0.25 0.25 0.25 0.25 0.82 1.70 0.45 1.36 1.12 1.19  
0.25 0.25 0.25 0.25 0.35 1.20 1.04 1.11 1.18 1.26  
0.25 0.25 0.25 0.25 0.66 0.95 0.81 1.25 1.24 1.30  
0.25 0.25 0.25 0.25 2.07 0.29 1.24 1.13 1.13 1.04  
0.25 0.25 0.25 0.25 1.76 1.06 1.12 1.10 1.01 1.11  
0.25 0.25 0.25 0.25 1.60 0.31 0.69 1.06 0.91 1.06  
0.25 0.25 0.25 0.25 1.06 0.43 1.09 0.84 0.76 0.73  
0.25 0.25 0.25 0.25 0.68 0.44 1.56 1.04 1.02 0.96  
0.25 0.25 0.25 0.25 0.82 1.05 0.81 0.85 0.84 0.86  
0.25 0.25 0.25 0.25 1.33 0.46 0.68 1.16 1.07 1.14  
0.25 0.25 0.25 0.25 0.76 0.89 1.00 0.81 0.89 0.90  
0.25 0.25 0.25 0.25 0.73 0.76 0.31 0.90 0.93 0.90  
0.25 0.25 0.25 0.25 0.37 1.25 0.84 0.91 0.98 1.01  
0.25 0.25 0.25 0.25 0.70 0.92 0.19 1.01 0.89 1.09  
0.25 0.25 0.25 0.25 0.19 1.03 0.10 1.46 1.40 1.51  
0.25 0.25 0.25 0.25 0.35 0.94 0.37 1.45 1.45 1.65  
0.25 0.25 0.25 0.25 0.27 0.98 0.74 1.29 1.32 1.45  
0.25 0.25 0.25 0.25 0.29 0.84 0.77 1.35 1.36 1.38  
0.25 0.25 0.25 0.25 0.45 0.73 1.27 0.80 0.78 0.74  
0.25 0.25 0.25 0.25 0.14 0.39 1.10 0.73 0.90 0.74  
0.25 0.25 0.25 0.25 0.21 0.35 0.68 1.01 0.85 0.95  
0.25 0.25 0.25 0.25 1.16 0.19 0.74 1.45 1.40 1.38  
0.25 0.25 0.25 0.25 0.50 0.44 0.39 1.67 1.66 1.48  
0.25 0.25 0.25 0.25 1.18 0.22 0.90 1.44 1.14 1.15  
0.25 0.25 0.25 0.25 1.29 0.80 1.58 1.39 1.60 1.43  
0.25 0.25 0.25 0.25 1.34 0.35 0.61 1.26 1.57 1.40  
0.25 0.25 0.25 0.25 0.48 0.61 0.30 1.31 1.42 1.45  
0.25 0.25 0.25 0.25 1.89 1.67 0.46 1.01 1.10 1.03  
0.25 0.25 0.25 0.25 0.71 0.91 0.72 1.57 1.19 1.30  
0.25 0.25 0.25 0.25 0.93 0.99 1.01 1.32 1.37 1.39  
0.25 0.25 0.25 0.25 0.53 0.54 0.66 1.33 1.04 1.17  
0.25 0.25 0.25 0.25 0.38 0.46 0.60 1.36 1.50 1.26  
0.25 0.25 0.25 0.25 0.35 0.06 0.19 0.71 0.65 0.61  
0.25 0.25 0.25 0.25 0.62 0.12 0.51 1.25 1.26 1.34  
0.25 0.25 0.25 0.25 0.42 1.24 0.49 1.43 1.34 1.49  
0.25 0.25 0.25 0.25 0.77 0.15 1.07 0.99 0.97 1.03  
0.25 0.25 0.25 0.25 0.51 0.81 0.75 1.50 1.50 1.43  
0.25 0.25 0.25 0.25 0.91 0.35 0.20 0.89 0.79 0.75  
0.25 0.25 0.25 0.25 0.72 0.21 0.24 0.95 1.05 0.94  
0.25 0.25 0.25 0.25 0.52 0.98 0.97 0.87 0.90 1.02  
0.25 0.25 0.25 0.25 0.31 1.00 0.91 0.82 0.77 0.79  
0.25 0.25 0.25 0.25 0.62 0.34 0.39 1.18 1.04 1.08  
0.25 0.25 0.25 0.25 0.53 0.14 0.22 0.99 0.80 0.94  
0.25 0.25 0.25 0.25 0.33 1.83 0.52 0.85 0.94 0.83  
0.25 0.25 0.25 0.25 0.85 0.79 0.10 1.00 1.17 0.94  
0.25 0.25 0.25 0.25 0.26 0.16 0.49 0.87 0.87 0.86  
0.25 0.25 0.25 0.25 0.42 0.41 0.11 1.21 1.09 1.21  
0.25 0.25 0.25 0.25 0.37 1.56 0.22 0.77 0.84 1.03  
0.25 0.25 0.25 0.25 0.51 1.49 0.28 0.90 0.70 0.65  
0.25 0.25 0.25 0.25 0.08 1.20 0.10 0.97 0.97 0.76  
0.25 0.25 0.25 0.25 1.45 0.24 0.16 1.19 1.22 1.37  
0.25 0.25 0.25 0.25 1.35 0.25 0.15 1.07 1.13 1.29  
0.25 0.25 0.25 0.25 0.19 0.37 0.13 0.74 0.60 0.65  
0.25 0.25 0.25 0.25 0.72 0.35 0.38 1.71 1.65 1.66  
0.25 0.25 0.25 0.25 0.69 0.10 0.54 0.99 0.98 0.93  
0.25 0.25 0.25 0.25 0.37 0.12 0.30 1.75 1.37 1.56  
0.25 0.25 0.25 0.25 0.52 0.72 0.06 0.90 1.00 0.96  
0.25 0.25 0.25 0.25 0.65 0.72 0.19 0.98 1.03 1.19  
0.25 0.25 0.25 0.25 0.87 0.13 0.04 1.24 1.12 1.12  
0.25 0.25 0.25 0.25 1.15 0.20 0.44 0.66 0.82 0.68  
0.25 0.25 0.25 0.25 1.59 0.14 0.03 1.48 1.30 1.12  
0.25 0.25 0.25 0.25 0.15 0.65 0.03 0.80 0.79 0.81  
0.25 0.25 0.25 0.25 0.35 0.30 0.07 1.25 1.21 1.27  
0.25 0.25 0.25 0.25 1.42 1.05 0.32 0.79 0.76 0.68  
0.25 0.25 0.25 0.25 0.81 0.93 2.22 1.17 1.19 1.14  
0.25 0.25 0.25 0.25 0.39 1.42 0.36 0.99 1.01 1.04  
0.25 0.25 0.25 0.25 0.46 0.63 0.37 1.03 0.94 1.02  
0.25 0.25 0.25 0.25 0.34 0.24 1.61 0.87 0.87 0.86  
0.25 0.25 0.25 0.25 0.48 0.04 0.31 0.70 0.67 0.71  
0.25 0.25 0.25 0.25 1.36 0.27 1.61 1.05 1.10 0.90  
0.25 0.25 0.25 0.25 0.07 0.62 1.02 1.11 1.25 1.25  
0.25 0.25 0.25 0.25 0.63 0.12 0.36 1.44 1.41 1.39  
0.25 0.25 0.25 0.25 0.14 0.41 0.04 0.91 0.87 0.97  
0.25 0.25 0.25 0.25 0.19 0.20 0.32 0.95 0.95 1.00  
0.25 0.25 0.25 0.25 0.33 0.20 0.16 1.19 1.21 1.18  
0.25 0.25 0.25 0.25 0.70 0.25 0.76 1.78 1.74 1.51  
0.25 0.25 0.25 0.25 0.64 0.67 0.23 1.37 1.52 1.44  
0.25 0.25 0.25 0.25 0.03 0.39 0.47 1.17 1.33 1.22  
0.25 0.25 0.25 0.25 0.89 0.26 0.47 1.18 1.29 1.48  
0.25 0.25 0.25 0.25 1.04 0.43 0.79 0.75 0.66 0.65  
0.25 0.25 0.25 0.25 0.33 0.10 0.13 0.98 1.02 0.97  
0.25 0.25 0.25 0.25 0.22 0.35 0.07 1.00 0.92 0.87  
0.25 0.25 0.25 0.25 0.24 0.05 0.65 0.55 0.53 0.69  
0.25 0.25 0.25 0.25 0.81 0.10 0.73 0.89 0.93 1.02  
0.25 0.25 0.25 0.25 0.23 0.14 0.23 1.64 1.69 1.74  
0.25 0.25 0.25 0.25 0.24 0.45 0.13 0.92 0.99 0.98  
0.25 0.25 0.25 0.25 0.43 0.28 0.23 1.12 1.15 1.08  
0.25 0.25 0.25 0.25 0.54 0.26 0.23 1.14 1.08 1.12  
0.25 0.25 0.25 0.25 0.37 0.03 0.06 1.58 1.58 1.55  
0.25 0.25 0.25 0.25 1.03 0.13 0.08 1.10 1.05 1.12  
0.25 0.25 0.25 0.25 0.85 0.03 0.07 1.12 1.06 1.01  
0.25 0.25 0.25 0.25 0.73 0.03 0.06 1.82 1.99 1.66  
0.25 0.25 0.25 0.25 0.17 0.04 0.42 0.56 0.45 0.38  
0.25 0.25 0.25 0.25 0.51 0.01 0.37 1.13 1.35 1.25  
0.25 0.25 0.25 0.25 0.32 0.03 0.05 0.76 0.63 0.65  
0.25 0.25 0.25 0.25 0.14 0.11 0.09 0.77 0.68 0.75  
0.25 0.25 0.25 0.25 0.32 0.25 0.05 0.97 0.90 0.76  
0.25 0.25 0.25 0.25 0.35 0.69 0.10 0.48 0.49 0.66  
0.25 0.25 0.25 0.25 0.03 0.06 0.15 1.01 1.12 1.16  
0.25 0.25 0.25 0.25 0.46 0.12 0.09 1.01 1.34 1.30  
