0.24 0.29 0.23 0.24 1.91 2.02 1.96 2.17 2.00 1.87  
0.24 0.31 0.21 0.24 1.14 1.24 1.16 1.64 1.61 1.51  
0.23 0.31 0.23 0.23 0.84 0.89 0.96 1.36 1.38 1.32  
0.25 0.29 0.22 0.24 0.70 0.71 0.85 1.37 1.29 1.26  
0.32 0.23 0.23 0.23 0.52 0.70 0.64 1.33 1.34 1.35  
0.32 0.21 0.24 0.23 0.57 0.54 0.58 1.31 1.38 1.38  
0.33 0.21 0.23 0.23 0.75 0.57 0.52 1.26 1.23 1.23  
0.30 0.21 0.26 0.23 0.48 0.55 0.45 1.33 1.33 1.27  
0.29 0.21 0.27 0.23 0.29 0.49 0.29 1.14 1.15 1.15  
0.29 0.21 0.27 0.23 0.34 0.24 0.26 1.26 1.28 1.31  
0.33 0.21 0.24 0.23 0.36 0.30 0.26 1.10 1.17 1.11  
0.28 0.21 0.28 0.23 0.37 0.33 0.26 1.08 1.07 1.11  
0.31 0.21 0.26 0.23 0.25 0.34 0.24 1.33 1.40 1.36  
0.32 0.21 0.25 0.23 0.24 0.29 0.32 1.13 1.20 1.13  
0.29 0.21 0.27 0.23 0.32 0.20 0.26 1.23 1.23 1.18  
0.27 0.21 0.29 0.23 0.25 0.20 0.17 1.16 1.18 1.21  
0.28 0.21 0.28 0.23 0.19 0.16 0.16 1.17 1.21 1.17  
0.29 0.21 0.27 0.23 0.23 0.13 0.13 1.26 1.27 1.26  
0.28 0.22 0.26 0.23 0.31 0.16 0.20 1.13 1.11 1.12  
0.30 0.21 0.25 0.24 0.19 0.19 0.16 1.07 1.11 1.09  
0.32 0.21 0.24 0.23 0.19 0.26 0.15 1.14 1.18 1.26  
0.31 0.22 0.24 0.23 0.25 0.15 0.13 1.21 1.07 1.12  
0.28 0.23 0.26 0.23 0.23 0.16 0.16 1.05 1.12 1.08  
0.28 0.24 0.25 0.23 0.17 0.13 0.11 0.97 1.03 1.03  
0.30 0.22 0.25 0.23 0.15 0.13 0.11 0.99 1.10 1.04  
0.30 0.23 0.24 0.22 0.14 0.10 0.09 1.13 1.09 1.11  
0.24 0.29 0.24 0.23 0.14 0.12 0.12 1.16 1.25 1.22  
0.21 0.28 0.28 0.22 0.11 0.14 0.13 1.08 1.12 1.12  
0.21 0.28 0.28 0.23 0.11 0.09 0.10 1.13 1.11 1.09  
0.24 0.24 0.29 0.23 0.11 0.11 0.10 0.93 0.92 0.98  
0.25 0.26 0.26 0.23 0.10 0.08 0.09 1.29 1.24 1.22  
0.29 0.25 0.23 0.23 0.10 0.12 0.08 1.03 1.03 1.04  
0.24 0.31 0.22 0.22 0.10 0.06 0.08 1.26 1.18 1.26  
0.22 0.31 0.25 0.22 0.11 0.08 0.08 1.03 1.04 0.99  
0.23 0.29 0.25 0.23 0.12 0.07 0.06 1.16 1.16 1.15  
0.23 0.31 0.23 0.23 0.07 0.06 0.07 1.09 1.10 1.07  
0.20 0.39 0.20 0.21 0.09 0.10 0.08 1.12 1.11 1.07  
0.20 0.39 0.20 0.21 0.09 0.08 0.07 0.97 1.02 0.99  
0.20 0.39 0.20 0.21 0.11 0.15 0.09 1.06 1.05 1.11  
0.20 0.39 0.20 0.21 0.12 0.11 0.09 1.04 1.02 1.06  
0.21 0.37 0.20 0.21 0.08 0.06 0.07 1.05 1.14 1.10  
0.21 0.37 0.20 0.21 0.09 0.07 0.07 0.98 1.03 1.03  
0.23 0.35 0.21 0.21 0.09 0.05 0.05 1.15 1.14 1.17  
0.23 0.35 0.20 0.21 0.10 0.06 0.06 1.13 1.14 1.12  
0.23 0.37 0.20 0.21 0.06 0.09 0.08 1.19 1.21 1.19  
0.23 0.37 0.20 0.21 0.05 0.05 0.05 1.00 0.95 0.93  
0.23 0.36 0.20 0.21 0.07 0.04 0.05 0.98 1.05 1.03  
0.23 0.36 0.20 0.21 0.10 0.06 0.05 0.97 0.97 1.04  
0.25 0.34 0.20 0.21 0.05 0.04 0.04 1.04 1.02 1.05  
0.24 0.35 0.20 0.20 0.06 0.05 0.04 1.08 1.07 1.05  
0.23 0.37 0.20 0.20 0.06 0.04 0.05 1.10 1.13 1.10  
0.21 0.39 0.20 0.20 0.06 0.05 0.05 1.23 1.18 1.19  
0.21 0.39 0.20 0.20 0.07 0.05 0.05 0.95 0.88 0.96  
0.21 0.39 0.20 0.20 0.05 0.04 0.05 1.11 1.12 1.12  
0.21 0.39 0.20 0.20 0.08 0.06 0.04 1.08 1.10 1.07  
0.24 0.36 0.20 0.20 0.05 0.05 0.06 0.96 0.95 0.99  
0.22 0.38 0.20 0.20 0.05 0.04 0.03 1.08 1.14 1.07  
0.21 0.38 0.20 0.20 0.05 0.04 0.05 1.02 1.11 1.10  
0.27 0.33 0.20 0.20 0.05 0.03 0.04 0.98 1.01 1.05  
0.29 0.30 0.20 0.21 0.04 0.03 0.04 1.11 1.07 1.10  
0.29 0.31 0.20 0.21 0.06 0.04 0.03 1.11 1.14 1.13  
0.27 0.32 0.20 0.21 0.05 0.04 0.05 1.00 1.00 1.02  
0.22 0.37 0.20 0.21 0.04 0.03 0.06 0.93 0.89 0.90  
0.22 0.38 0.20 0.21 0.05 0.04 0.05 0.96 1.02 1.01  
0.22 0.37 0.20 0.21 0.04 0.03 0.03 0.93 0.92 0.92  
0.22 0.38 0.20 0.21 0.04 0.03 0.05 0.93 0.91 1.00  
0.21 0.38 0.20 0.20 0.05 0.04 0.04 1.10 1.08 1.12  
0.21 0.39 0.20 0.20 0.04 0.03 0.04 1.03 0.96 1.00  
0.20 0.39 0.20 0.20 0.06 0.05 0.05 1.09 1.02 1.06  
0.21 0.39 0.20 0.20 0.03 0.03 0.03 1.12 1.07 1.15  
0.21 0.38 0.20 0.20 0.06 0.03 0.03 0.94 0.99 0.97  
0.21 0.38 0.20 0.20 0.05 0.03 0.05 1.21 1.17 1.13  
0.21 0.39 0.20 0.20 0.04 0.05 0.02 1.12 1.04 1.10  
0.22 0.37 0.20 0.21 0.03 0.03 0.03 1.05 0.97 1.00  
0.21 0.39 0.20 0.20 0.05 0.03 0.03 0.88 0.91 0.95  
0.20 0.39 0.20 0.20 0.03 0.04 0.03 0.82 0.87 0.85  
0.20 0.39 0.20 0.20 0.06 0.04 0.03 1.25 1.33 1.33  
0.20 0.39 0.20 0.20 0.05 0.06 0.03 0.97 1.03 1.09  
0.21 0.38 0.20 0.21 0.05 0.03 0.04 1.08 1.05 1.04  
0.21 0.39 0.20 0.21 0.03 0.03 0.04 1.15 1.14 1.09  
