0.25 0.25 0.25 0.25 1.89 1.81 2.01 2.02 2.13 2.57  
0.25 0.25 0.25 0.25 2.31 1.49 1.60 1.85 1.65 1.47  
0.25 0.25 0.25 0.25 1.79 1.86 1.90 1.55 1.61 1.32  
0.25 0.25 0.25 0.25 1.49 1.18 1.26 1.51 1.50 1.51  
0.25 0.25 0.25 0.25 1.10 1.47 0.63 1.56 1.42 1.47  
0.25 0.25 0.25 0.25 0.94 1.18 1.57 1.60 1.41 1.53  
0.25 0.25 0.25 0.25 1.10 0.98 0.76 1.40 1.24 1.20  
0.25 0.25 0.25 0.25 0.84 1.19 1.14 1.35 1.29 1.41  
0.25 0.25 0.25 0.25 0.51 1.07 0.89 1.06 0.92 1.00  
0.25 0.25 0.25 0.25 0.94 0.64 0.77 1.42 1.20 1.19  
0.25 0.25 0.25 0.25 1.00 0.63 1.30 1.51 1.43 1.42  
0.25 0.25 0.25 0.25 1.26 1.38 2.48 1.43 1.23 1.03  
0.25 0.25 0.25 0.25 0.99 1.76 0.98 1.43 1.21 1.24  
0.25 0.25 0.25 0.25 0.36 1.26 1.22 1.05 1.16 1.15  
0.25 0.25 0.25 0.25 0.73 1.03 1.24 1.31 1.19 1.30  
0.25 0.25 0.25 0.25 2.41 0.30 1.27 1.14 1.15 1.07  
0.25 0.25 0.25 0.25 1.37 1.15 0.87 0.91 0.93 0.95  
0.25 0.25 0.25 0.25 1.51 0.46 0.62 1.10 1.08 1.10  
0.25 0.25 0.25 0.25 1.15 0.51 1.14 0.88 0.80 0.89  
0.25 0.25 0.25 0.25 0.59 0.43 1.73 1.04 1.03 1.00  
0.25 0.25 0.25 0.25 0.76 1.13 1.04 0.90 0.87 0.84  
0.25 0.25 0.25 0.25 1.46 0.42 0.72 1.29 1.10 1.10  
0.25 0.25 0.25 0.25 0.73 0.94 1.25 0.75 0.85 0.92  
0.25 0.25 0.25 0.25 0.74 0.65 0.26 0.88 1.02 0.94  
0.25 0.25 0.25 0.25 0.41 1.35 0.74 0.97 1.00 0.98  
0.25 0.25 0.25 0.25 0.63 0.82 0.27 1.05 1.04 1.17  
0.25 0.25 0.25 0.25 0.31 1.14 0.08 1.48 1.45 1.52  
0.25 0.25 0.25 0.25 0.38 0.81 0.47 1.60 1.47 1.65  
0.25 0.25 0.25 0.25 0.32 0.96 0.71 1.27 1.33 1.38  
0.25 0.25 0.25 0.25 0.28 0.82 0.76 1.34 1.45 1.47  
0.25 0.25 0.25 0.25 0.45 0.89 1.22 0.81 0.80 0.71  
0.25 0.25 0.25 0.25 0.25 0.67 1.06 0.87 0.90 0.86  
0.25 0.25 0.25 0.25 0.37 0.41 0.85 0.93 0.80 0.81  
0.25 0.25 0.25 0.25 1.28 0.14 0.60 1.60 1.45 1.52  
0.25 0.25 0.25 0.25 0.45 0.32 0.37 1.54 1.55 1.45  
0.25 0.25 0.25 0.25 0.92 0.21 0.79 1.50 1.24 1.39  
0.25 0.25 0.25 0.25 1.18 0.99 1.67 1.23 1.51 1.28  
0.25 0.25 0.25 0.25 1.02 0.37 0.41 1.32 1.42 1.52  
0.25 0.25 0.25 0.25 0.61 0.90 0.29 1.05 1.15 1.33  
0.25 0.25 0.25 0.25 1.47 2.44 0.38 0.88 1.02 0.95  
0.25 0.25 0.25 0.25 0.95 1.72 0.89 1.53 1.41 1.36  
0.25 0.25 0.25 0.25 0.82 0.68 1.09 1.17 1.14 1.12  
0.25 0.25 0.25 0.25 0.50 0.35 0.58 1.30 1.27 1.19  
0.25 0.25 0.25 0.25 0.40 0.35 0.62 1.42 1.55 1.28  
0.25 0.25 0.25 0.25 0.51 0.10 0.15 0.66 0.78 0.66  
0.25 0.25 0.25 0.25 0.60 0.11 0.55 1.47 1.45 1.43  
0.25 0.25 0.25 0.25 0.54 1.05 0.57 1.41 1.28 1.30  
0.25 0.25 0.25 0.25 0.75 0.12 1.02 0.89 0.84 0.88  
0.25 0.25 0.25 0.25 0.57 0.76 0.74 1.48 1.48 1.28  
0.25 0.25 0.25 0.25 0.87 0.27 0.29 0.94 0.94 0.91  
0.25 0.25 0.25 0.25 0.93 0.25 0.20 0.92 0.99 0.91  
0.25 0.25 0.25 0.25 0.49 1.20 0.90 0.77 0.70 0.80  
0.25 0.25 0.25 0.25 0.23 1.17 0.69 0.74 0.77 0.76  
0.25 0.25 0.25 0.25 0.71 0.13 0.36 1.04 0.98 0.91  
0.25 0.25 0.25 0.25 0.52 0.10 0.26 0.82 0.78 0.88  
0.25 0.25 0.25 0.25 0.39 1.21 0.38 0.85 0.94 0.75  
0.25 0.25 0.25 0.25 0.73 0.64 0.07 1.09 1.23 1.10  
0.25 0.25 0.25 0.25 0.27 0.21 0.46 0.99 0.87 0.93  
0.25 0.25 0.25 0.25 0.75 0.44 0.16 1.33 1.09 1.26  
0.25 0.25 0.25 0.25 0.28 1.09 0.34 0.75 0.83 0.97  
0.25 0.25 0.25 0.25 0.69 1.04 0.35 0.84 0.86 0.67  
0.25 0.25 0.25 0.25 0.06 0.81 0.11 1.00 0.96 0.86  
0.25 0.25 0.25 0.25 1.58 0.14 0.18 1.29 1.34 1.31  
0.25 0.25 0.25 0.25 1.48 0.21 0.14 1.10 1.16 1.23  
0.25 0.25 0.25 0.25 0.06 0.42 0.10 0.73 0.67 0.65  
0.25 0.25 0.25 0.25 0.60 0.32 0.36 1.60 1.66 1.75  
0.25 0.25 0.25 0.25 0.46 0.11 0.61 0.99 0.98 0.92  
0.25 0.25 0.25 0.25 0.22 0.13 0.24 1.44 1.28 1.31  
0.25 0.25 0.25 0.25 0.38 0.53 0.16 0.92 0.99 0.90  
0.25 0.25 0.25 0.25 0.50 0.51 0.17 1.01 1.04 1.31  
0.25 0.25 0.25 0.25 0.54 0.12 0.03 1.07 0.97 1.11  
0.25 0.25 0.25 0.25 1.31 0.19 0.49 0.54 0.72 0.66  
0.25 0.25 0.25 0.25 2.17 0.06 0.03 1.39 1.39 1.18  
0.25 0.25 0.25 0.25 0.11 0.56 0.07 0.75 0.82 0.75  
0.25 0.25 0.25 0.25 0.34 0.32 0.12 1.10 1.19 1.18  
0.25 0.25 0.25 0.25 1.13 0.82 0.24 0.92 0.78 0.64  
0.25 0.25 0.25 0.25 0.97 0.84 1.90 1.13 0.95 0.97  
0.25 0.25 0.25 0.25 0.57 1.14 0.24 1.20 0.93 1.04  
0.25 0.25 0.25 0.25 0.29 0.32 0.31 1.10 1.13 1.08  
0.25 0.25 0.25 0.25 0.39 0.34 1.64 0.85 0.90 0.87  
0.25 0.25 0.25 0.25 0.53 0.01 0.29 0.68 0.76 0.65  
0.25 0.25 0.25 0.25 0.82 0.32 1.41 0.92 1.09 0.97  
0.25 0.25 0.25 0.25 0.10 0.79 0.72 0.92 1.15 1.19  
0.25 0.25 0.25 0.25 1.03 0.14 0.31 1.26 1.25 1.18  
0.25 0.25 0.25 0.25 0.15 0.50 0.17 0.84 1.02 0.92  
0.25 0.25 0.25 0.25 0.26 0.19 0.28 0.94 0.91 0.83  
0.25 0.25 0.25 0.25 0.28 0.26 0.31 1.39 1.36 1.42  
0.25 0.25 0.25 0.25 0.69 0.19 0.64 1.52 1.41 1.20  
0.25 0.25 0.25 0.25 0.54 0.40 0.25 1.21 1.50 1.50  
0.25 0.25 0.25 0.25 0.05 0.54 0.54 1.21 1.25 1.13  
0.25 0.25 0.25 0.25 0.90 0.47 0.41 1.18 1.39 1.47  
0.25 0.25 0.25 0.25 0.99 0.36 0.71 0.77 0.47 0.60  
0.25 0.25 0.25 0.25 0.18 0.05 0.15 1.05 0.99 1.02  
0.25 0.25 0.25 0.25 0.27 0.49 0.03 0.84 0.71 0.66  
0.25 0.25 0.25 0.25 0.12 0.10 0.62 0.41 0.48 0.44  
0.25 0.25 0.25 0.25 1.09 0.08 0.63 1.05 1.02 1.13  
0.25 0.25 0.25 0.25 0.25 0.08 0.30 1.54 1.64 1.62  
0.25 0.25 0.25 0.25 0.43 0.57 0.14 0.97 0.95 1.04  
0.25 0.25 0.25 0.25 0.30 0.21 0.29 1.00 1.06 1.06  
0.25 0.25 0.25 0.25 0.32 0.27 0.23 1.15 1.13 1.16  
0.25 0.25 0.25 0.25 0.45 0.18 0.16 1.43 1.27 1.53  
0.25 0.25 0.25 0.25 1.13 0.22 0.07 0.85 0.86 0.98  
0.25 0.25 0.25 0.25 0.85 0.09 0.07 1.03 0.96 0.95  
0.25 0.25 0.25 0.25 0.44 0.03 0.07 1.78 2.06 2.10  
0.25 0.25 0.25 0.25 0.35 0.18 0.36 0.56 0.44 0.43  
0.25 0.25 0.25 0.25 0.43 0.02 0.25 1.01 1.33 1.30  
0.25 0.25 0.25 0.25 0.30 0.03 0.19 0.73 0.59 0.66  
0.25 0.25 0.25 0.25 0.07 0.12 0.09 0.62 0.59 0.62  
0.25 0.25 0.25 0.25 0.59 0.39 0.03 1.14 1.06 0.91  
0.25 0.25 0.25 0.25 0.45 0.29 0.17 0.47 0.46 0.57  
0.25 0.25 0.25 0.25 0.03 0.07 0.19 1.14 1.10 1.18  
0.25 0.25 0.25 0.25 0.48 0.16 0.10 1.14 1.27 1.25  
