0.22 0.36 0.21 0.22 2.08 2.02 1.96 2.06 1.83 1.66  
0.26 0.32 0.20 0.21 1.08 1.07 1.00 1.55 1.56 1.62  
0.27 0.31 0.20 0.21 0.93 0.94 0.73 1.57 1.63 1.51  
0.23 0.37 0.20 0.21 0.82 0.66 0.70 1.37 1.34 1.23  
0.22 0.37 0.20 0.21 0.67 0.58 0.49 1.48 1.55 1.49  
0.21 0.37 0.20 0.21 0.45 0.45 0.39 1.57 1.62 1.62  
0.20 0.39 0.20 0.20 0.44 0.46 0.45 1.24 1.18 1.25  
0.23 0.36 0.20 0.21 0.38 0.46 0.40 1.18 1.18 1.22  
0.27 0.32 0.20 0.21 0.34 0.44 0.20 1.22 1.22 1.23  
0.20 0.39 0.20 0.20 0.20 0.18 0.19 1.34 1.34 1.37  
0.20 0.40 0.20 0.20 0.21 0.21 0.18 1.16 1.22 1.18  
0.22 0.38 0.20 0.20 0.22 0.25 0.17 1.10 1.10 1.13  
0.26 0.34 0.20 0.20 0.17 0.24 0.17 1.40 1.38 1.42  
0.22 0.38 0.20 0.20 0.21 0.19 0.21 1.13 1.15 1.14  
0.27 0.33 0.20 0.20 0.14 0.14 0.20 1.23 1.18 1.18  
0.38 0.22 0.20 0.20 0.10 0.13 0.13 1.26 1.25 1.31  
0.37 0.23 0.20 0.20 0.12 0.10 0.09 1.08 1.17 1.13  
0.38 0.22 0.20 0.20 0.12 0.08 0.08 1.42 1.42 1.39  
0.40 0.20 0.20 0.20 0.14 0.09 0.12 1.05 1.11 1.09  
0.40 0.20 0.20 0.20 0.09 0.11 0.10 1.35 1.30 1.26  
0.40 0.20 0.20 0.20 0.08 0.17 0.08 1.12 1.09 1.08  
0.40 0.20 0.20 0.20 0.06 0.09 0.08 1.21 1.20 1.22  
0.40 0.20 0.20 0.20 0.11 0.09 0.08 1.30 1.37 1.24  
0.40 0.20 0.20 0.20 0.09 0.08 0.06 1.00 1.13 1.07  
0.40 0.20 0.20 0.20 0.06 0.08 0.06 0.98 1.03 1.00  
0.40 0.20 0.20 0.20 0.06 0.06 0.05 1.24 1.31 1.30  
0.40 0.20 0.20 0.20 0.04 0.06 0.07 1.21 1.20 1.18  
0.40 0.20 0.20 0.20 0.03 0.09 0.07 1.39 1.31 1.36  
0.40 0.20 0.20 0.20 0.04 0.05 0.05 1.24 1.30 1.25  
0.40 0.20 0.20 0.20 0.03 0.06 0.05 0.98 0.98 1.04  
0.40 0.20 0.20 0.20 0.05 0.04 0.05 1.28 1.24 1.28  
0.40 0.20 0.20 0.20 0.06 0.06 0.04 1.05 1.10 1.08  
0.40 0.20 0.20 0.20 0.04 0.03 0.03 1.21 1.23 1.25  
0.40 0.20 0.20 0.20 0.02 0.04 0.04 1.08 1.10 1.07  
0.40 0.20 0.20 0.20 0.04 0.04 0.03 1.39 1.37 1.47  
0.40 0.20 0.20 0.20 0.03 0.03 0.03 1.18 1.17 1.12  
0.40 0.20 0.20 0.20 0.03 0.04 0.04 1.09 1.15 1.08  
0.40 0.20 0.20 0.20 0.04 0.04 0.03 1.13 1.14 1.16  
0.40 0.20 0.20 0.20 0.04 0.10 0.04 1.20 1.21 1.20  
0.40 0.20 0.20 0.20 0.05 0.06 0.04 0.84 0.86 0.88  
0.40 0.20 0.20 0.20 0.02 0.03 0.04 1.04 1.00 1.01  
0.40 0.20 0.20 0.20 0.02 0.03 0.03 0.92 0.89 0.89  
0.40 0.20 0.20 0.20 0.03 0.02 0.02 1.23 1.24 1.19  
0.40 0.20 0.20 0.20 0.02 0.03 0.03 1.11 1.14 1.09  
0.40 0.20 0.20 0.20 0.02 0.05 0.04 1.25 1.29 1.29  
0.40 0.20 0.20 0.20 0.02 0.02 0.03 1.14 1.14 1.14  
0.40 0.20 0.20 0.20 0.03 0.02 0.02 1.22 1.26 1.21  
0.40 0.20 0.20 0.20 0.05 0.03 0.03 1.16 1.09 1.15  
0.40 0.20 0.20 0.20 0.03 0.02 0.02 1.17 1.16 1.19  
0.40 0.20 0.20 0.20 0.02 0.02 0.02 0.93 0.92 0.88  
0.40 0.20 0.20 0.20 0.02 0.02 0.02 1.05 1.09 1.07  
0.40 0.20 0.20 0.20 0.02 0.03 0.03 1.34 1.23 1.19  
0.40 0.20 0.20 0.20 0.02 0.02 0.03 1.22 1.18 1.23  
0.40 0.20 0.20 0.20 0.02 0.02 0.02 1.11 1.09 1.03  
0.40 0.20 0.20 0.20 0.02 0.03 0.02 1.13 1.04 1.10  
0.40 0.20 0.20 0.20 0.02 0.02 0.03 1.20 1.18 1.21  
0.40 0.20 0.20 0.20 0.02 0.02 0.02 1.02 1.07 1.05  
0.40 0.20 0.20 0.20 0.01 0.01 0.03 1.26 1.27 1.24  
0.40 0.20 0.20 0.20 0.02 0.01 0.02 1.13 1.11 1.12  
0.40 0.20 0.20 0.20 0.01 0.02 0.02 1.33 1.31 1.32  
0.40 0.20 0.20 0.20 0.02 0.02 0.02 1.12 1.16 1.09  
0.40 0.20 0.20 0.20 0.01 0.02 0.02 0.99 0.93 0.97  
0.40 0.20 0.20 0.20 0.02 0.02 0.03 1.14 1.11 1.14  
0.40 0.20 0.20 0.20 0.01 0.02 0.02 1.13 1.14 1.14  
0.40 0.20 0.20 0.20 0.02 0.02 0.01 1.18 1.16 1.15  
0.40 0.20 0.20 0.20 0.02 0.01 0.02 1.29 1.23 1.33  
0.40 0.20 0.20 0.20 0.01 0.02 0.02 0.96 0.97 0.96  
0.40 0.20 0.20 0.20 0.01 0.01 0.02 1.04 1.00 1.06  
0.40 0.20 0.20 0.20 0.01 0.02 0.02 1.10 1.10 1.08  
0.40 0.20 0.20 0.20 0.02 0.01 0.01 1.22 1.26 1.22  
0.40 0.20 0.20 0.20 0.02 0.02 0.02 1.04 1.03 1.00  
0.40 0.20 0.20 0.20 0.01 0.01 0.03 1.15 1.17 1.18  
0.40 0.20 0.20 0.20 0.01 0.03 0.01 1.17 1.18 1.19  
0.40 0.20 0.20 0.20 0.01 0.01 0.02 0.90 0.90 0.89  
0.40 0.20 0.20 0.20 0.02 0.02 0.02 1.00 1.01 1.06  
0.40 0.20 0.20 0.20 0.01 0.02 0.01 1.07 1.16 1.11  
0.40 0.20 0.20 0.20 0.02 0.02 0.01 1.20 1.24 1.16  
0.40 0.20 0.20 0.20 0.02 0.03 0.02 1.00 1.04 1.03  
0.40 0.20 0.20 0.20 0.02 0.01 0.02 1.12 1.07 1.11  
0.40 0.20 0.20 0.20 0.01 0.01 0.02 1.28 1.33 1.30  
0.40 0.20 0.20 0.20 0.01 0.01 0.01 1.07 1.21 1.14  
0.40 0.20 0.20 0.20 0.03 0.01 0.01 1.31 1.26 1.30  
0.40 0.20 0.20 0.20 0.01 0.01 0.01 1.23 1.27 1.25  
0.40 0.20 0.20 0.20 0.01 0.01 0.01 0.88 0.93 0.84  
0.40 0.20 0.20 0.20 0.02 0.02 0.01 1.12 1.07 1.07  
0.39 0.21 0.20 0.20 0.01 0.03 0.01 1.18 1.25 1.23  
0.40 0.20 0.20 0.20 0.01 0.01 0.01 1.08 1.09 1.10  
0.40 0.20 0.20 0.20 0.01 0.01 0.01 0.97 0.96 1.01  
0.40 0.20 0.20 0.20 0.02 0.01 0.01 1.17 1.20 1.21  
0.40 0.20 0.20 0.20 0.01 0.02 0.01 1.28 1.23 1.20  
0.39 0.21 0.20 0.20 0.01 0.01 0.02 0.86 0.86 0.91  
0.40 0.20 0.20 0.20 0.01 0.01 0.01 1.08 1.06 1.07  
0.39 0.21 0.20 0.20 0.01 0.01 0.01 1.29 1.25 1.30  
0.38 0.22 0.20 0.20 0.01 0.02 0.01 0.93 0.95 0.94  
0.39 0.21 0.20 0.20 0.01 0.01 0.01 0.99 1.01 0.97  
0.38 0.22 0.20 0.20 0.01 0.01 0.01 1.18 1.10 1.13  
0.40 0.20 0.20 0.20 0.01 0.01 0.01 1.24 1.30 1.34  
0.40 0.20 0.20 0.20 0.01 0.01 0.03 1.07 1.08 1.03  
0.40 0.20 0.20 0.20 0.01 0.01 0.01 1.04 1.02 1.04  
0.40 0.20 0.20 0.20 0.01 0.01 0.01 1.07 1.04 0.97  
0.40 0.20 0.20 0.20 0.01 0.01 0.01 1.15 1.15 1.26  
0.40 0.20 0.20 0.20 0.01 0.01 0.01 0.96 0.99 0.94  
0.40 0.20 0.20 0.20 0.01 0.01 0.01 1.00 1.00 0.99  
0.40 0.20 0.20 0.20 0.01 0.01 0.01 1.11 1.17 1.10  
0.40 0.20 0.20 0.20 0.01 0.01 0.01 1.25 1.26 1.29  
0.40 0.20 0.20 0.20 0.01 0.01 0.01 1.22 1.28 1.26  
0.40 0.20 0.20 0.20 0.01 0.01 0.02 1.17 1.20 1.20  
0.40 0.20 0.20 0.20 0.01 0.01 0.02 0.97 0.96 1.01  
0.39 0.21 0.20 0.20 0.02 0.01 0.01 1.02 1.03 1.03  
0.35 0.25 0.20 0.20 0.01 0.01 0.01 1.30 1.25 1.29  
0.35 0.25 0.20 0.20 0.01 0.01 0.01 0.91 0.87 0.91  
0.29 0.31 0.20 0.20 0.01 0.01 0.01 0.98 0.95 0.99  
0.28 0.32 0.20 0.20 0.01 0.01 0.01 1.18 1.25 1.18  
0.35 0.25 0.20 0.20 0.01 0.01 0.01 1.15 1.20 1.15  
0.26 0.34 0.20 0.20 0.01 0.01 0.01 1.22 1.21 1.19  
0.24 0.36 0.20 0.20 0.01 0.01 0.01 0.92 0.98 0.95  
0.36 0.24 0.20 0.20 0.01 0.01 0.01 1.32 1.26 1.29  
0.24 0.36 0.20 0.20 0.01 0.01 0.01 0.82 0.84 0.83  
0.26 0.34 0.20 0.20 0.00 0.00 0.01 1.15 1.11 1.15  
0.34 0.26 0.20 0.20 0.01 0.01 0.01 1.01 1.00 0.97  
0.39 0.21 0.20 0.20 0.01 0.01 0.00 1.00 1.02 0.97  
0.40 0.20 0.20 0.20 0.01 0.01 0.01 0.98 1.03 1.04  
0.40 0.20 0.20 0.20 0.01 0.01 0.01 1.15 1.10 1.10  
0.40 0.20 0.20 0.20 0.01 0.00 0.01 1.17 1.21 1.18  
0.40 0.20 0.20 0.20 0.01 0.01 0.01 0.97 0.93 1.02  
0.40 0.20 0.20 0.20 0.01 0.01 0.01 0.91 0.97 0.97  
0.40 0.20 0.20 0.20 0.01 0.01 0.01 1.20 1.20 1.23  
0.40 0.20 0.20 0.20 0.01 0.01 0.01 1.52 1.54 1.57  
0.40 0.20 0.20 0.20 0.01 0.01 0.01 1.14 1.14 1.08  
0.39 0.21 0.20 0.20 0.00 0.01 0.01 1.03 1.02 1.00  
0.39 0.21 0.20 0.20 0.01 0.01 0.01 0.96 0.93 0.97  
0.39 0.21 0.20 0.20 0.01 0.01 0.01 1.03 0.98 1.04  
0.40 0.20 0.20 0.20 0.01 0.01 0.01 1.23 1.21 1.24  
0.39 0.21 0.20 0.20 0.01 0.01 0.01 1.29 1.30 1.26  
0.40 0.20 0.20 0.20 0.01 0.01 0.01 1.11 1.19 1.13  
0.40 0.20 0.20 0.20 0.01 0.00 0.01 1.13 1.10 1.14  
0.40 0.20 0.20 0.20 0.00 0.01 0.01 1.14 1.09 1.20  
0.39 0.21 0.20 0.20 0.01 0.01 0.01 0.99 0.91 1.02  
0.40 0.20 0.20 0.20 0.01 0.01 0.00 0.99 1.03 1.00  
0.40 0.20 0.20 0.20 0.01 0.00 0.01 1.22 1.24 1.26  
0.40 0.20 0.20 0.20 0.01 0.01 0.01 1.19 1.23 1.15  
0.40 0.20 0.20 0.20 0.01 0.01 0.01 1.02 1.11 1.16  
0.37 0.23 0.20 0.20 0.01 0.01 0.01 1.06 1.09 1.12  
0.39 0.21 0.20 0.20 0.01 0.00 0.01 1.16 1.17 1.19  
0.24 0.36 0.20 0.20 0.00 0.00 0.01 1.16 1.22 1.23  
0.38 0.22 0.20 0.20 0.00 0.01 0.00 1.09 1.09 1.07  
0.33 0.27 0.20 0.20 0.01 0.01 0.01 1.14 1.21 1.18  
0.23 0.37 0.20 0.20 0.01 0.01 0.00 1.06 1.07 1.10  
0.36 0.24 0.20 0.20 0.00 0.01 0.00 1.05 1.06 1.01  
0.38 0.22 0.20 0.20 0.01 0.01 0.01 1.02 1.04 1.02  
0.34 0.26 0.20 0.20 0.01 0.01 0.01 0.99 1.00 0.99  
0.31 0.29 0.20 0.20 0.01 0.01 0.01 1.14 1.10 1.15  
0.27 0.33 0.20 0.20 0.01 0.01 0.01 0.92 0.95 0.95  
0.22 0.38 0.20 0.20 0.01 0.01 0.00 1.25 1.23 1.19  
0.20 0.40 0.20 0.20 0.01 0.00 0.01 1.19 1.22 1.19  
0.20 0.40 0.20 0.20 0.01 0.01 0.00 1.08 1.10 1.10  
0.20 0.40 0.20 0.20 0.01 0.01 0.00 1.18 1.11 1.14  
0.20 0.40 0.20 0.20 0.01 0.01 0.01 0.96 0.98 0.94  
0.20 0.40 0.20 0.20 0.00 0.00 0.01 1.04 1.09 1.04  
0.20 0.40 0.20 0.20 0.00 0.01 0.00 1.13 1.15 1.11  
0.20 0.40 0.20 0.20 0.01 0.01 0.01 1.41 1.45 1.39  
0.20 0.40 0.20 0.20 0.00 0.00 0.01 1.19 1.15 1.24  
0.20 0.40 0.20 0.20 0.01 0.01 0.01 1.08 1.09 1.10  
0.20 0.40 0.20 0.20 0.00 0.01 0.01 1.14 1.13 1.15  
0.20 0.40 0.20 0.20 0.01 0.01 0.01 1.04 1.04 1.08  
0.20 0.40 0.20 0.20 0.00 0.01 0.01 1.11 1.07 1.10  
0.20 0.40 0.20 0.20 0.01 0.01 0.01 1.00 0.98 0.98  
0.20 0.40 0.20 0.20 0.00 0.00 0.01 0.88 1.02 0.92  
0.20 0.40 0.20 0.20 0.00 0.00 0.00 1.13 1.17 1.13  
0.20 0.40 0.20 0.20 0.00 0.00 0.00 1.11 1.16 1.18  
0.20 0.40 0.20 0.20 0.01 0.00 0.00 0.99 0.97 1.02  
0.20 0.40 0.20 0.20 0.00 0.00 0.00 1.07 1.10 1.05  
0.20 0.40 0.20 0.20 0.00 0.01 0.01 1.10 1.10 1.13  
0.20 0.40 0.20 0.20 0.01 0.01 0.01 1.08 1.18 1.13  
0.20 0.40 0.20 0.20 0.00 0.01 0.00 1.00 0.96 1.01  
0.20 0.40 0.20 0.20 0.01 0.00 0.00 1.12 1.11 1.22  
0.20 0.40 0.20 0.20 0.00 0.00 0.01 1.06 1.02 1.04  
0.20 0.40 0.20 0.20 0.01 0.00 0.01 1.07 1.05 1.03  
0.20 0.40 0.20 0.20 0.00 0.01 0.00 1.22 1.26 1.27  
0.20 0.40 0.20 0.20 0.00 0.00 0.00 1.26 1.27 1.26  
0.20 0.40 0.20 0.20 0.01 0.00 0.00 0.78 0.83 0.79  
0.20 0.40 0.20 0.20 0.00 0.00 0.01 1.18 1.20 1.20  
0.20 0.40 0.20 0.20 0.00 0.01 0.00 1.16 1.09 1.17  
0.20 0.40 0.20 0.20 0.00 0.00 0.00 1.10 1.08 1.03  
0.20 0.40 0.20 0.20 0.00 0.00 0.00 0.92 0.96 0.93  
0.20 0.40 0.20 0.20 0.00 0.01 0.00 1.09 1.07 1.13  
0.20 0.40 0.20 0.20 0.00 0.00 0.00 1.15 1.15 1.18  
0.20 0.40 0.20 0.20 0.00 0.00 0.00 0.95 0.94 0.92  
0.20 0.40 0.20 0.20 0.00 0.00 0.01 1.15 1.12 1.19  
0.20 0.40 0.20 0.20 0.00 0.00 0.01 1.18 1.17 1.18  
0.20 0.40 0.20 0.20 0.00 0.01 0.00 1.11 1.15 1.10  
0.20 0.40 0.20 0.20 0.01 0.01 0.01 1.26 1.19 1.24  
0.20 0.40 0.20 0.20 0.00 0.00 0.01 0.98 1.00 0.98  
0.20 0.40 0.20 0.20 0.00 0.00 0.01 1.06 1.10 1.09  
0.20 0.40 0.20 0.20 0.01 0.01 0.00 1.30 1.19 1.29  
0.21 0.39 0.20 0.20 0.01 0.00 0.00 0.96 0.93 0.95  
0.26 0.34 0.20 0.20 0.00 0.00 0.01 1.04 0.98 1.04  
0.25 0.35 0.20 0.20 0.00 0.01 0.01 0.98 0.98 0.99  
0.20 0.40 0.20 0.20 0.00 0.00 0.00 1.20 1.20 1.25  
0.20 0.40 0.20 0.20 0.00 0.00 0.00 1.09 1.14 1.12  
0.21 0.39 0.20 0.20 0.00 0.00 0.00 1.04 1.08 1.08  
0.20 0.40 0.20 0.20 0.00 0.00 0.00 1.18 1.17 1.26  
0.21 0.39 0.20 0.20 0.00 0.00 0.00 1.37 1.38 1.45  
0.20 0.40 0.20 0.20 0.00 0.00 0.00 1.19 1.17 1.25  
0.20 0.40 0.20 0.20 0.00 0.01 0.00 1.01 0.94 1.09  
0.20 0.40 0.20 0.20 0.00 0.01 0.01 1.00 1.02 1.01  
0.20 0.40 0.20 0.20 0.00 0.00 0.01 0.85 0.80 0.82  
0.20 0.40 0.20 0.20 0.00 0.00 0.00 0.91 0.88 0.90  
0.20 0.40 0.20 0.20 0.02 0.00 0.00 1.27 1.23 1.21  
0.21 0.39 0.20 0.20 0.01 0.00 0.00 1.01 1.06 1.02  
0.22 0.38 0.20 0.20 0.00 0.00 0.01 1.11 1.09 1.12  
0.20 0.40 0.20 0.20 0.00 0.00 0.00 1.05 0.99 1.03  
0.20 0.40 0.20 0.20 0.01 0.00 0.01 1.26 1.26 1.25  
0.20 0.40 0.20 0.20 0.00 0.00 0.01 0.87 0.89 0.83  
0.21 0.39 0.20 0.20 0.00 0.00 0.01 0.90 0.85 0.91  
0.23 0.37 0.20 0.20 0.00 0.00 0.00 1.13 1.19 1.15  
0.20 0.40 0.20 0.20 0.00 0.00 0.00 0.95 0.94 0.95  
0.22 0.38 0.20 0.20 0.00 0.00 0.00 1.00 1.01 1.03  
0.21 0.39 0.20 0.20 0.00 0.00 0.00 0.95 0.98 1.02  
0.20 0.40 0.20 0.20 0.00 0.01 0.00 1.28 1.22 1.31  
0.20 0.40 0.20 0.20 0.00 0.00 0.00 1.05 0.98 1.04  
0.20 0.40 0.20 0.20 0.00 0.00 0.01 1.11 1.16 1.12  
0.20 0.40 0.20 0.20 0.00 0.00 0.00 1.24 1.25 1.20  
0.20 0.40 0.20 0.20 0.01 0.00 0.00 1.18 1.17 1.18  
0.21 0.39 0.20 0.20 0.00 0.01 0.00 1.30 1.27 1.29  
0.20 0.40 0.20 0.20 0.00 0.00 0.00 0.75 0.82 0.76  
0.20 0.40 0.20 0.20 0.00 0.01 0.00 1.06 1.13 1.05  
0.20 0.40 0.20 0.20 0.00 0.00 0.00 0.96 0.91 0.93  
0.20 0.40 0.20 0.20 0.00 0.00 0.00 1.34 1.42 1.41  
0.27 0.33 0.20 0.20 0.00 0.00 0.00 0.96 1.02 0.96  
0.25 0.35 0.20 0.20 0.01 0.00 0.00 1.22 1.23 1.25  
0.33 0.27 0.20 0.20 0.00 0.00 0.00 1.13 1.13 1.12  
0.37 0.23 0.20 0.20 0.00 0.01 0.00 1.10 1.11 1.11  
0.28 0.32 0.20 0.20 0.00 0.00 0.00 1.22 1.23 1.18  
0.28 0.32 0.20 0.20 0.00 0.01 0.00 1.11 1.06 1.05  
0.36 0.24 0.20 0.20 0.00 0.00 0.00 0.96 0.99 0.94  
0.40 0.20 0.20 0.20 0.00 0.01 0.00 1.24 1.17 1.16  
0.30 0.30 0.20 0.20 0.00 0.00 0.00 1.28 1.25 1.25  
0.29 0.31 0.20 0.20 0.00 0.00 0.01 1.15 1.20 1.19  
0.30 0.30 0.20 0.20 0.00 0.01 0.00 0.80 0.84 0.85  
0.35 0.25 0.20 0.20 0.00 0.00 0.00 0.96 0.98 0.98  
0.33 0.27 0.20 0.20 0.00 0.00 0.00 0.97 0.99 1.10  
0.31 0.29 0.20 0.20 0.00 0.00 0.00 0.91 0.93 0.94  
0.38 0.22 0.20 0.20 0.00 0.00 0.00 1.27 1.28 1.26  
0.40 0.20 0.20 0.20 0.00 0.00 0.00 0.95 0.90 0.89  
0.39 0.21 0.20 0.20 0.00 0.01 0.00 1.05 1.09 1.03  
0.39 0.21 0.20 0.20 0.00 0.00 0.00 1.12 1.14 1.16  
0.38 0.22 0.20 0.20 0.01 0.00 0.00 1.48 1.41 1.36  
0.37 0.23 0.20 0.20 0.00 0.00 0.00 1.03 1.02 0.99  
0.39 0.21 0.20 0.20 0.00 0.00 0.00 1.12 1.19 1.10  
0.31 0.29 0.20 0.20 0.00 0.00 0.00 1.11 1.17 1.14  
0.38 0.22 0.20 0.20 0.00 0.01 0.01 1.26 1.23 1.17  
0.30 0.30 0.20 0.20 0.00 0.00 0.00 1.11 1.09 1.13  
0.36 0.24 0.20 0.20 0.00 0.00 0.00 0.83 0.84 0.78  
0.31 0.29 0.20 0.20 0.00 0.00 0.00 1.11 1.16 1.15  
0.37 0.23 0.20 0.20 0.00 0.00 0.00 1.07 1.04 1.05  
0.36 0.24 0.20 0.20 0.00 0.00 0.00 1.14 1.16 1.16  
0.39 0.21 0.20 0.20 0.00 0.00 0.00 1.08 1.09 1.09  
0.40 0.20 0.20 0.20 0.00 0.01 0.01 1.06 1.06 1.06  
0.40 0.20 0.20 0.20 0.00 0.01 0.00 0.92 0.90 0.93  
0.40 0.20 0.20 0.20 0.00 0.00 0.00 1.35 1.34 1.31  
0.40 0.20 0.20 0.20 0.00 0.00 0.00 0.83 0.86 0.84  
0.40 0.20 0.20 0.20 0.00 0.00 0.00 1.16 1.13 1.11  
0.40 0.20 0.20 0.20 0.00 0.01 0.00 1.15 1.17 1.15  
0.40 0.20 0.20 0.20 0.00 0.00 0.00 1.19 1.17 1.13  
0.40 0.20 0.20 0.20 0.00 0.00 0.00 0.93 0.93 0.92  
0.40 0.20 0.20 0.20 0.00 0.00 0.00 1.16 1.17 1.14  
0.40 0.20 0.20 0.20 0.00 0.00 0.00 1.11 1.14 1.10  
0.40 0.20 0.20 0.20 0.01 0.00 0.00 1.13 1.09 1.13  
0.40 0.20 0.20 0.20 0.00 0.00 0.00 1.42 1.39 1.35  
0.40 0.20 0.20 0.20 0.00 0.00 0.00 1.10 1.05 1.02  
0.40 0.20 0.20 0.20 0.00 0.00 0.00 1.35 1.27 1.30  
0.40 0.20 0.20 0.20 0.00 0.00 0.00 1.24 1.21 1.23  
0.40 0.20 0.20 0.20 0.00 0.00 0.01 1.05 1.01 1.05  
0.40 0.20 0.20 0.20 0.00 0.00 0.00 1.01 1.01 0.92  
0.40 0.20 0.20 0.20 0.00 0.00 0.00 0.81 0.85 0.82  
0.40 0.20 0.20 0.20 0.00 0.00 0.00 1.17 1.09 1.13  
0.40 0.20 0.20 0.20 0.00 0.00 0.00 1.30 1.34 1.32  
0.40 0.20 0.20 0.20 0.00 0.00 0.00 1.12 1.04 1.12  
0.40 0.20 0.20 0.20 0.00 0.00 0.00 1.09 1.09 1.07  
0.40 0.20 0.20 0.20 0.00 0.00 0.00 1.01 1.02 1.06  
0.40 0.20 0.20 0.20 0.00 0.01 0.00 1.13 1.13 1.07  
0.40 0.20 0.20 0.20 0.00 0.00 0.00 1.12 1.13 1.13  
0.40 0.20 0.20 0.20 0.01 0.00 0.00 1.07 1.06 1.17  
0.40 0.20 0.20 0.20 0.00 0.00 0.00 1.09 1.03 1.10  
0.40 0.20 0.20 0.20 0.00 0.01 0.01 1.04 1.05 0.97  
0.40 0.20 0.20 0.20 0.00 0.00 0.00 1.11 1.16 1.12  
0.40 0.20 0.20 0.20 0.00 0.00 0.00 1.01 0.97 0.98  
0.40 0.20 0.20 0.20 0.00 0.00 0.00 0.74 0.76 0.80  
0.40 0.20 0.20 0.20 0.00 0.01 0.00 1.21 1.23 1.21  
0.40 0.20 0.20 0.20 0.00 0.00 0.00 1.21 1.18 1.10  
0.40 0.20 0.20 0.20 0.00 0.00 0.00 1.15 1.18 1.14  
0.40 0.20 0.20 0.20 0.01 0.01 0.00 1.08 1.13 1.10  
0.40 0.20 0.20 0.20 0.00 0.00 0.00 1.26 1.31 1.24  
0.40 0.20 0.20 0.20 0.00 0.00 0.00 0.98 0.92 0.89  
0.40 0.20 0.20 0.20 0.00 0.00 0.01 1.17 1.12 1.24  
0.40 0.20 0.20 0.20 0.00 0.00 0.00 0.95 0.95 0.95  
0.40 0.20 0.20 0.20 0.00 0.00 0.00 0.98 1.02 0.96  
0.40 0.20 0.20 0.20 0.00 0.00 0.00 0.96 0.90 0.94  
0.40 0.20 0.20 0.20 0.00 0.00 0.00 1.31 1.29 1.30  
0.40 0.20 0.20 0.20 0.00 0.00 0.00 0.87 0.88 0.79  
0.40 0.20 0.20 0.20 0.00 0.00 0.00 1.29 1.37 1.35  
0.40 0.20 0.20 0.20 0.00 0.00 0.00 1.38 1.41 1.41  
0.40 0.20 0.20 0.20 0.00 0.01 0.00 1.02 1.11 1.11  
0.40 0.20 0.20 0.20 0.00 0.00 0.01 0.99 1.01 1.11  
0.40 0.20 0.20 0.20 0.00 0.00 0.00 1.34 1.33 1.32  
0.40 0.20 0.20 0.20 0.00 0.00 0.00 1.15 1.19 1.19  
0.40 0.20 0.20 0.20 0.00 0.00 0.00 0.96 0.95 1.00  
0.40 0.20 0.20 0.20 0.00 0.00 0.00 1.04 0.95 1.01  
0.40 0.20 0.20 0.20 0.00 0.00 0.00 1.04 1.10 1.12  
0.40 0.20 0.20 0.20 0.00 0.00 0.00 0.94 0.93 0.93  
0.40 0.20 0.20 0.20 0.00 0.00 0.00 0.88 0.90 0.96  
0.40 0.20 0.20 0.20 0.00 0.00 0.00 1.03 1.03 1.09  
0.40 0.20 0.20 0.20 0.00 0.00 0.00 0.91 0.90 0.93  
0.40 0.20 0.20 0.20 0.00 0.00 0.00 1.14 1.18 1.07  
0.40 0.20 0.20 0.20 0.00 0.00 0.00 1.17 1.13 1.14  
0.40 0.20 0.20 0.20 0.00 0.00 0.00 0.85 0.95 0.86  
0.40 0.20 0.20 0.20 0.00 0.00 0.00 1.23 1.16 1.25  
0.40 0.20 0.20 0.20 0.00 0.00 0.00 1.43 1.42 1.43  
0.40 0.20 0.20 0.20 0.00 0.00 0.00 1.14 1.04 1.07  
0.40 0.20 0.20 0.20 0.00 0.00 0.01 1.25 1.26 1.30  
0.40 0.20 0.20 0.20 0.00 0.00 0.01 0.77 0.77 0.75  
0.40 0.20 0.20 0.20 0.00 0.00 0.00 1.15 1.15 1.13  
0.40 0.20 0.20 0.20 0.00 0.00 0.00 1.09 1.12 1.02  
0.40 0.20 0.20 0.20 0.00 0.00 0.00 1.22 1.16 1.24  
0.40 0.20 0.20 0.20 0.00 0.00 0.00 1.08 1.13 1.07  
0.40 0.20 0.20 0.20 0.00 0.00 0.00 1.16 1.14 1.16  
0.40 0.20 0.20 0.20 0.00 0.00 0.00 0.92 0.96 0.97  
0.40 0.20 0.20 0.20 0.00 0.00 0.00 1.26 1.22 1.23  
0.40 0.20 0.20 0.20 0.00 0.00 0.00 1.00 0.98 0.92  
0.40 0.20 0.20 0.20 0.00 0.00 0.00 1.32 1.39 1.37  
0.40 0.20 0.20 0.20 0.00 0.00 0.00 1.04 0.99 1.00  
0.40 0.20 0.20 0.20 0.00 0.00 0.00 0.94 1.00 1.00  
0.40 0.20 0.20 0.20 0.00 0.00 0.00 1.15 1.15 1.20  
0.40 0.20 0.20 0.20 0.00 0.00 0.00 1.05 0.96 1.07  
0.40 0.20 0.20 0.20 0.01 0.00 0.00 1.10 1.10 1.12  
0.40 0.20 0.20 0.20 0.01 0.00 0.00 1.07 1.10 1.12  
0.40 0.20 0.20 0.20 0.00 0.00 0.00 0.87 0.85 0.91  
0.40 0.20 0.20 0.20 0.00 0.00 0.00 1.00 1.06 0.99  
0.40 0.20 0.20 0.20 0.00 0.00 0.00 1.13 1.06 1.14  
0.40 0.20 0.20 0.20 0.00 0.00 0.00 1.60 1.67 1.62  
0.39 0.20 0.21 0.20 0.00 0.00 0.00 0.93 0.92 0.96  
0.40 0.20 0.20 0.20 0.00 0.00 0.00 0.94 0.88 0.94  
0.40 0.20 0.20 0.20 0.00 0.00 0.01 1.13 1.14 1.12  
0.40 0.20 0.20 0.20 0.00 0.00 0.00 1.12 1.12 1.09  
0.40 0.20 0.20 0.20 0.00 0.00 0.00 0.98 0.98 0.99  
0.40 0.20 0.20 0.20 0.00 0.00 0.00 1.14 1.04 1.07  
0.40 0.20 0.20 0.20 0.00 0.00 0.00 1.53 1.56 1.57  
0.40 0.20 0.20 0.20 0.00 0.00 0.00 1.12 1.17 1.16  
0.40 0.20 0.20 0.20 0.00 0.00 0.00 0.92 0.95 0.94  
0.40 0.20 0.20 0.20 0.00 0.00 0.00 1.19 1.17 1.22  
0.40 0.20 0.20 0.20 0.00 0.00 0.00 1.03 1.00 1.05  
0.40 0.20 0.20 0.20 0.00 0.00 0.00 0.99 0.89 0.98  
0.40 0.20 0.20 0.20 0.00 0.00 0.00 1.25 1.29 1.22  
0.40 0.20 0.20 0.20 0.00 0.00 0.00 1.34 1.31 1.30  
0.40 0.20 0.20 0.20 0.00 0.00 0.00 1.06 1.12 1.09  
0.40 0.20 0.20 0.20 0.00 0.00 0.00 1.12 1.07 1.12  
0.40 0.20 0.20 0.20 0.00 0.00 0.00 0.91 0.98 0.94  
0.40 0.20 0.20 0.20 0.00 0.00 0.00 0.98 0.99 1.02  
0.40 0.20 0.20 0.20 0.00 0.00 0.00 1.04 1.07 1.05  
0.40 0.20 0.20 0.20 0.00 0.00 0.00 0.99 1.04 0.99  
0.40 0.20 0.20 0.20 0.00 0.00 0.00 0.98 1.00 0.99  
0.39 0.20 0.21 0.20 0.00 0.00 0.00 1.49 1.42 1.38  
0.28 0.20 0.32 0.20 0.00 0.00 0.00 1.10 1.08 1.12  
0.23 0.20 0.37 0.20 0.00 0.00 0.00 0.97 0.98 0.99  
0.21 0.20 0.39 0.20 0.00 0.00 0.00 0.82 0.77 0.78  
0.20 0.20 0.40 0.20 0.00 0.00 0.00 1.21 1.18 1.22  
0.20 0.20 0.40 0.20 0.00 0.00 0.00 1.09 1.18 1.10  
0.20 0.20 0.40 0.20 0.00 0.00 0.00 0.96 1.11 1.15  
0.20 0.20 0.40 0.20 0.00 0.00 0.00 1.15 1.18 1.16  
0.20 0.20 0.40 0.20 0.00 0.00 0.00 1.21 1.30 1.29  
0.20 0.20 0.40 0.20 0.00 0.00 0.00 0.86 0.89 0.92  
0.20 0.20 0.40 0.20 0.00 0.00 0.00 0.98 0.98 0.97  
0.20 0.20 0.40 0.20 0.00 0.00 0.00 0.79 0.84 0.81  
0.20 0.20 0.40 0.20 0.00 0.00 0.00 1.13 1.12 1.13  
0.20 0.20 0.40 0.20 0.00 0.00 0.00 1.25 1.17 1.24  
0.20 0.20 0.40 0.20 0.00 0.01 0.00 1.14 1.13 1.17  
0.20 0.20 0.40 0.20 0.00 0.00 0.00 1.15 1.19 1.13  
0.20 0.20 0.40 0.20 0.00 0.00 0.00 0.93 0.97 0.95  
0.20 0.20 0.40 0.20 0.00 0.00 0.00 1.36 1.31 1.28  
0.20 0.20 0.40 0.20 0.00 0.00 0.00 1.12 1.10 1.14  
0.20 0.20 0.40 0.20 0.00 0.00 0.00 1.20 1.24 1.26  
0.20 0.20 0.40 0.20 0.00 0.00 0.00 0.88 0.86 0.88  
0.20 0.20 0.40 0.20 0.00 0.00 0.00 1.02 0.98 1.03  
0.20 0.20 0.40 0.20 0.00 0.00 0.01 1.00 1.02 1.05  
0.20 0.20 0.40 0.20 0.00 0.00 0.00 0.92 0.87 0.88  
0.20 0.20 0.40 0.20 0.00 0.00 0.00 1.07 1.07 1.06  
0.20 0.20 0.40 0.20 0.00 0.01 0.00 1.13 1.09 1.12  
0.20 0.20 0.40 0.20 0.00 0.00 0.00 1.09 1.09 1.09  
0.20 0.20 0.40 0.20 0.00 0.00 0.00 0.91 0.94 0.91  
0.20 0.20 0.40 0.20 0.00 0.00 0.00 1.11 1.11 1.10  
0.20 0.20 0.40 0.20 0.00 0.00 0.00 1.27 1.26 1.26  
0.20 0.20 0.40 0.20 0.00 0.00 0.00 1.25 1.27 1.25  
0.20 0.20 0.40 0.20 0.00 0.00 0.00 1.11 1.20 1.19  
0.20 0.20 0.40 0.20 0.00 0.00 0.00 1.10 1.14 1.17  
0.20 0.20 0.40 0.20 0.00 0.01 0.00 1.27 1.19 1.24  
0.20 0.20 0.40 0.20 0.00 0.00 0.00 0.80 0.80 0.76  
0.20 0.20 0.40 0.20 0.00 0.00 0.00 0.89 0.86 0.85  
0.20 0.20 0.40 0.20 0.00 0.00 0.00 1.03 1.03 0.97  
0.20 0.20 0.40 0.20 0.01 0.00 0.00 1.04 1.06 1.07  
